counts[GCF_000001985.1][2008][441960][28643865][176385][452][3339384][589][541514] = 1
counts[GCF_000002495.2][2011][242507][40979121][29800][53][6606598][216][823590] = 1
counts[GCF_000002515.2][2004][28985][10729447][0][0][0][0][0] = 1
counts[GCF_000002525.2][2004][4952][20550897][1144][0][0][19][2069334] = 1
counts[GCF_000002545.3][2008][284593][12338308][300][0][0][17][1100349] = 1
counts[GCF_000002655.1][2005][330879][29384958][575000][0][0][19][2460113] = 1
counts[GCF_000002715.2][2006][344612][27859441][8800][143][2493640][231][749511] = 1
counts[GCF_000002855.3][2007][5061][34006671][44968][20][2525243][470][114002] = 1
counts[GCF_000002945.1][2007][4896][12591251][400][0][0][8][2923134] = 1
counts[GCF_000003125.1][2008][441959][35685443][127013][820][4363329][960][897397] = 1
counts[GCF_000003515.1][2009][336963][22349738][181667][45][5232914][583][80843] = 1
counts[GCF_000003835.1][2009][306902][12114892][34973][9][1874050][88][266609] = 1
counts[GCF_000003855.2][2009][559298][75404732][1010961][103][2435518][1794][126005] = 1
counts[GCF_000004155.1][2013][653667][11554764][30890][30][1386795][198][290103] = 1
counts[GCF_000006275.2][2009][332952][36892344][62700][331][2388123][958][103582] = 1
counts[GCF_000006335.3][2009][294747][14630139][54540][24][1654078][128][221103] = 1
counts[GCF_000006445.2][2008][4959][12181948][725][0][0][15][993818] = 1
counts[GCF_000026365.1][2009][4956][9764635][1269][0][0][9][1496342] = 1
counts[GCF_000026945.1][2009][573826][14618422][0][0][0][0][0] = 1
counts[GCF_000027005.1][2009][644223][9216378][527][0][0][15][2394163] = 1
counts[GCF_000091025.4][2010][284811][9119312][0][0][0][0][0] = 1
counts[GCF_000091045.1][2005][214684][19051922][1797][0][0][37][1076541] = 1
counts[GCF_000091225.1][2002][284813][2497519][800][0][0][12][218329] = 1
counts[GCF_000142805.1][2009][559295][10392862][2723][0][0][10][1513537] = 1
counts[GCF_000143105.1][2011][655863][29794006][665297][289][1996734][334][1213309] = 1
counts[GCF_000143185.1][2010][578458][38482026][551641][36][2548518][352][362437] = 1
counts[GCF_000143365.1][2006][306901][34886939][550077][37][4721439][1245][50760] = 1
counts[GCF_000143535.2][2015][332648][42630066][0][0][0][0][0] = 1
counts[GCF_000143565.1][2008][486041][64877444][6194114][665][784691][4401][71011] = 1
counts[GCF_000145635.1][2010][644352][43768664][2790087][517][6703616][1860][48633] = 1
counts[GCF_000146045.2][2014][559292][12157105][0][0][0][0][0] = 1
counts[GCF_000146465.1][2010][876142][2216898][100][0][0][12][196642] = 1
counts[GCF_000146915.1][2007][321614][37213987][164388][108][1045363][494][178897] = 1
counts[GCF_000146945.2][2015][665079][38459164][328861][37][1625527][680][122550] = 1
counts[GCF_000149035.1][2010][645133][51644307][737711][654][579194][1152][228959] = 1
counts[GCF_000149205.2][2012][227321][30275969][174228][91][2478513][249][282268] = 1
counts[GCF_000149245.1][2014][235443][18916112][100][0][0][16][1422463] = 1
counts[GCF_000149335.2][2009][246410][29016019][400][7][4323945][11][4311478] = 1
counts[GCF_000149385.1][2004][283643][19699782][1180300][0][0][70][496385] = 1
counts[GCF_000149425.1][2007][294746][10609954][35417][9][1701016][71][313225] = 1
counts[GCF_000149555.1][2011][117187][41844914][90816][37][1959799][211][392397] = 1
counts[GCF_000149585.1][2007][339724][33030326][2381013][280][2885091][2873][27346] = 1
counts[GCF_000149615.1][2006][341663][29364022][133256][27][1912493][268][224147] = 1
counts[GCF_000149645.1][2006][331117][31770017][9100][438][2929192][529][1240190] = 1
counts[GCF_000149685.1][2007][379508][15547272][86652][28][2011058][145][261145] = 1
counts[GCF_000149845.2][2013][402676][11733154][597158][32][3866997][87][1768158] = 1
counts[GCF_000149925.1][2008][418459][88724376][7123888][393][964966][4563][39493] = 1
counts[GCF_000149955.1][2015][426428][61386934][1450151][114][1976106][1362][95416] = 1
counts[GCF_000149985.1][2007][426418][37997465][633833][48][1986450][705][116219] = 1
counts[GCF_000150035.1][2007][436907][14674591][13000][281][126622][411][60946] = 1
