GCF_000001985.1,2008,441960,28643865,176385,452,3339384,
GCF_000002495.2,2011,242507,40979121,29800,53,6606598,
GCF_000002515.2,2004,28985,10729447,0,0,0,
GCF_000002525.2,2004,4952,20550897,1144,0,0,
GCF_000002545.3,2008,284593,12338308,300,0,0,
GCF_000002655.1,2005,330879,29384958,575000,0,0,
GCF_000002715.2,2006,344612,27859441,8800,143,2493640,
GCF_000002855.3,2007,5061,34006671,44968,20,2525243,
GCF_000002945.1,2007,4896,12591251,400,0,0,
GCF_000003125.1,2008,441959,35685443,127013,820,4363329,
GCF_000003515.1,2009,336963,22349738,181667,45,5232914,
GCF_000003835.1,2009,306902,12114892,34973,9,1874050,
GCF_000003855.2,2009,559298,75404732,1010961,103,2435518,
GCF_000004155.1,2013,653667,11554764,30890,30,1386795,
GCF_000006275.2,2009,332952,36892344,62700,331,2388123,
GCF_000006335.3,2009,294747,14630139,54540,24,1654078,
GCF_000006445.2,2008,4959,12181948,725,0,0,
GCF_000026365.1,2009,4956,9764635,1269,0,0,
GCF_000026945.1,2009,573826,14618422,0,0,0,
GCF_000027005.1,2009,644223,9216378,527,0,0,
GCF_000091025.4,2010,284811,9119312,0,0,0,
GCF_000091045.1,2005,214684,19051922,1797,0,0,
GCF_000091225.1,2002,284813,2497519,800,0,0,
GCF_000142805.1,2009,559295,10392862,2723,0,0,
GCF_000143105.1,2011,655863,29794006,665297,289,1996734,
GCF_000143185.1,2010,578458,38482026,551641,36,2548518,
GCF_000143365.1,2006,306901,34886939,550077,37,4721439,
GCF_000143535.2,2015,332648,42630066,0,0,0,
GCF_000143565.1,2008,486041,64877444,6194114,665,784691,
GCF_000145635.1,2010,644352,43768664,2790087,517,6703616,
GCF_000146045.2,2014,559292,12157105,0,0,0,
GCF_000146465.1,2010,876142,2216898,100,0,0,
GCF_000146915.1,2007,321614,37213987,164388,108,1045363,
GCF_000146945.2,2015,665079,38459164,328861,37,1625527,
GCF_000149035.1,2010,645133,51644307,737711,654,579194,
GCF_000149205.2,2012,227321,30275969,174228,91,2478513,
GCF_000149245.1,2014,235443,18916112,100,0,0,
GCF_000149335.2,2009,246410,29016019,400,7,4323945,
GCF_000149385.1,2004,283643,19699782,1180300,0,0,
GCF_000149425.1,2007,294746,10609954,35417,9,1701016,
GCF_000149555.1,2011,117187,41844914,90816,37,1959799,
GCF_000149585.1,2007,339724,33030326,2381013,280,2885091,
GCF_000149615.1,2006,341663,29364022,133256,27,1912493,
GCF_000149645.1,2006,331117,31770017,9100,438,2929192,
GCF_000149685.1,2007,379508,15547272,86652,28,2011058,
GCF_000149845.2,2013,402676,11733154,597158,32,3866997,
GCF_000149925.1,2008,418459,88724376,7123888,393,964966,
GCF_000149955.1,2015,426428,61386934,1450151,114,1976106,
GCF_000149985.1,2007,426418,37997465,633833,48,1986450,
GCF_000150035.1,2007,436907,14674591,13000,281,126622,
