9601
3702
9785
441960
7469
10116
9258
9615
13616
9796
7425
126793
3218
184922
185431
242507
28985
4952
284593
3055
330879
344612
347515
5833
412133
420245
5061
487148
435258
4896
6279
352914
441959
548480
455631
5874
336963
10224
9986
526973
29760
7739
306902
559298
526997
526994
6087
9646
6238
9483
44689
670386
744533
7217
7220
7222
7230
7234
7238
7244
5823
7165
398511
7260
7245
456320
561896
332952
121224
294747
5851
423536
353151
4959
441375
306537
273119
187410
155864
243161
160492
243277
208964
64091
272843
242231
272623
170187
190650
198214
266834
194439
273057
272944
171101
192952
273068
264203
224914
190485
190486
182082
183190
208435
186103
186497
190304
188937
198804
198215
198466
199310
210007
203267
204722
206672
209261
242619
227941
212717
176280
281090
267671
243365
224915
221988
226185
223283
226900
198094
262316
229193
235279
167539
233412
243231
222523
163164
257363
257314
321314
262724
262698
260799
243275
262719
262722
262723
263820
265669
265311
243233
267747
267748
292805
295358
279010
261594
283942
272624
281309
85962
243274
243230
83331
224324
187420
224325
224326
272561
115713
272562
85963
122586
386585
36870
362948
205913
177416
273036
255470
224308
214092
192222
122587
267608
228410
316273
362976
272563
216595
376619
216596
381666
382638
393115
393305
393595
160491
396513
416870
410289
272831
216591
550537
550538
218495
469008
523796
107806
266835
158879
158878
195102
103690
1148
196600
235909
247156
66692
262768
279808
484021
292459
295405
264202
69014
342108
557433
342109
138119
269084
343509
234621
342451
334390
358681
334413
334380
340322
316407
583346
378753
379066
387092
387093
409438
412965
367928
418127
426430
431946
431947
438753
395019
458233
455632
449447
511995
573370
561275
486410
137722
585395
585396
608538
632772
634452
634453
634454
634455
634456
634457
634458
634459
639282
680646
568703
226186
272569
70601
272558
138677
273116
273063
272633
221109
196620
193567
196164
196627
197221
224911
251221
393011
272632
59919
74547
282458
282459
272560
264201
267377
218491
288681
279010
286636
290633
243160
290847
291272
205914
312309
264199
299768
195099
295319
243164
176279
234826
272621
300267
300268
93062
314723
314724
314565
315277
315456
319701
281310
264730
322098
205918
220664
330779
259536
167879
335992
271848
336407
269800
159087
205922
59920
319225
316279
1140
339860
269484
340177
317025
110662
74546
207559
246197
205921
323098
292415
340047
320372
323261
435590
435591
246194
338963
269799
482957
326298
349521
314225
228405
309807
361100
269796
264732
212042
205920
222891
374463
321327
321332
357544
364106
195103
362663
279238
106370
316058
290397
56780
93061
323259
451515
370551
370552
370553
370554
290400
373384
338969
375286
266265
203122
316057
265072
259564
316056
318161
379731
377628
360102
296591
323097
335284
355276
355277
317655
204669
367737
375451
292414
331271
374833
386415
269798
164756
266117
388919
342610
266779
203124
391165
293613
373153
203123
321956
324831
203120
387344
322159
278197
321967
272622
101510
64471
393011
208963
401614
60481
60480
318167
335541
394221
335283
187272
380703
316055
405955
156889
225849
234267
290340
335543
243243
246196
351607
338966
412694
360106
413404
290317
415426
288000
351745
384616
368408
326297
196162
357804
350058
397945
246195
351348
405566
189918
360095
320388
391774
365044
354242
232721
391735
349124
412022
320389
146891
167542
167555
420662
420246
410358
326423
368407
325240
203119
416269
320373
357348
399550
167546
349101
164757
423368
323850
290318
418136
402880
419947
349161
414684
345073
311403
311402
272620
399742
312153
350054
349102
369723
386656
431943
420247
351627
399739
319224
399549
416276
376686
357808
434271
216389
349163
351605
392499
390874
359786
557436
444178
351746
349106
391009
336982
349747
290402
293826
467705
441770
441771
441772
451516
434922
359787
366394
406327
419665
381754
426368
339671
450851
400668
266940
402882
439375
315749
360109
404589
381764
402881
360107
355278
456442
78245
290339
456481
338187
331111
331112
458234
383372
43989
416591
407148
453591
413997
298653
425104
290338
93060
399741
329726
471876
398580
423211
293614
392021
391896
391037
398579
397948
350688
216594
523850
476213
96561
477974
405416
444158
395019
483179
394
93059
403833
41514
398578
357809
1016998
430066
360115
399599
441768
349746
315730
419610
324602
288705
470137
441952
309803
488221
488222
488223
487213
491915
399726
340099
76869
366602
498761
458817
306263
498211
487214
484022
498213
405440
505682
426117
481805
228400
316385
390235
502800
32049
406425
392500
498214
507522
374847
126740
439855
481448
412419
412418
426355
452638
405441
395495
512566
395963
434923
434924
262543
398577
441620
452637
516950
457570
63737
391038
243272
502801
521006
398527
445932
935198
344609
402626
349741
512562
491916
508767
320483
436114
515621
177437
398767
537457
391904
395960
290315
373903
517417
517418
331678
452471
515619
290512
324925
391008
546414
454169
404380
439843
552526
380749
447217
380394
388396
498217
454166
490899
439851
309798
309799
289376
557760
557598
322710
561501
563178
444450
557600
563041
552536
405532
405534
480119
565575
484019
405531
272568
395492
504832
883
445985
442563
568206
570508
243159
562019
204536
123214
579112
345073
515635
407976
309801
572265
598659
395965
85643
405535
41431
65393
440085
272942
557723
439235
272564
326427
521011
396588
565050
452863
395961
394503
460265
565034
525146
455488
588858
480224
416348
544404
591020
316067
66084
535289
521460
595496
593117
429572
427317
427318
426118
439386
419942
572264
434131
604354
240015
593588
331104
546272
626418
469008
272630
580050
634504
568815
536232
449216
637382
637385
637386
592021
634503
548476
637381
555970
634176
347255
377629
360911
595494
644042
471853
471854
645127
436113
395491
465515
525897
446462
525909
521097
510831
521045
543728
536056
471223
446465
428406
526222
655815
324057
561230
478434
443144
866768
436113
583345
531844
582744
537021
582402
684950
485917
469378
471857
471855
523794
478801
519442
485914
573064
485918
479433
395962
471856
523791
525919
313596
406984
522306
634498
485916
521095
622759
479437
521098
425944
485915
479435
479431
471852
526218
504728
401473
488538
666714
574556
446470
519441
681288
429009
579137
561231
59374
481743
544556
472759
555311
555778
526226
502025
150340
518766
479432
525898
525903
446469
479436
446471
479434
525904
311424
684738
590409
698737
590168
1453429
703339
701177
530564
553190
699246
552531
469383
572546
591001
543526
526225
710128
708616
706191
567106
640131
572477
589924
644281
396595
716541
633145
638303
547559
580331
439481
309800
580332
522772
714962
553199
592022
545693
512564
547558
572547
583355
264731
177439
76114
272559
254945
218497
348780
314315
326442
384676
204773
114615
465817
37692
585054
585055
585034
585397
585056
585057
559307
349519
543734
568703
568704
574521
554290
553482
40041
557722
561276
561304
568819
568813
568814
45361
672161
580049
573826
604162
644651
644223
568708
663951
693216
637910
216592
683837
365659
637909
716540
406818
634499
71421
243273
272634
216895
203907
283165
283166
62977
273123
297246
297245
302409
254945
359391
290398
363253
390333
326424
386043
411154
62928
405948
351160
443906
32051
316278
357244
413999
347257
272568
448385
94624
471473
471472
478009
36809
509173
977880
59748
504474
529507
360910
340
522373
570417
661410
662598
645462
347256
29447
2110
761659
28377
400682
641149
575609
372461
296587
573235
284811
214684
452662
280699
284813
680198
637905
592205
633699
575788
300852
665029
511691
243232
754252
748671
661367
218494
679897
176299
347834
436017
521674
526227
714359
633148
589865
521096
572480
1236608
509190
573063
759350
758678
644284
749414
643648
649638
691437
591019
759363
762051
300269
400673
189518
710127
75379
423212
469371
707184
707185
707186
707187
707183
573236
716544
718219
640132
526224
446466
640511
562970
639283
635013
583358
446468
759364
666681
515618
439292
600809
637913
559295
461836
403677
563008
7029
105559
655863
582899
552811
578458
746361
757424
306901
12957
88036
712961
3068
332648
486041
563032
637380
663321
525326
748727
765874
759914
525338
525373
525257
585529
633147
865867
337191
722438
644282
573413
765105
765115
765110
765099
765109
765121
765116
765090
765067
765066
765077
765087
765074
765100
765094
765096
765102
765098
765068
765097
553174
765093
765085
765101
765083
765065
765070
765113
765106
765107
633149
610130
555079
681645
574087
765112
765114
765073
765117
765089
765078
765076
765091
765095
765080
666510
679896
869816
469610
515622
765079
765123
765119
765103
765081
765088
765118
765072
608506
644283
395494
573061
79929
765075
765084
765120
765124
765086
765111
765092
765108
765104
765071
765122
765069
546342
580327
644352
629258
872331
629259
629265
629266
629267
629270
573066
629260
471821
559292
459349
211586
515620
585198
718251
862514
862517
864563
862516
864569
876142
862512
59374
545774
655816
864567
862513
862515
864568
879462
864570
871562
61853
864566
864565
871571
321614
665079
574093
198628
665571
189423
59463
765082
104421
610380
749501
749523
749508
749499
749494
749525
497965
563040
554065
749516
749515
749513
749500
749498
749503
749504
749491
596315
697303
660470
693974
566546
698936
693982
653045
690566
595495
679926
749497
749495
749490
749489
749520
749511
749518
749512
749502
749509
749524
749492
749506
749510
749514
749496
749507
749521
749505
749522
655817
572478
788929
573062
749493
443255
866770
585202
585203
585204
655813
246201
869729
637387
550540
869727
640512
645464
744980
798130
3750
889932
765962
765963
765964
794851
712898
525367
548475
645133
879300
879299
879298
879297
879296
553191
227321
246410
283643
296543
294746
31234
117187
339724
341663
331117
379508
67593
418459
426418
436907
10228
498257
526221
556484
439481
391623
663331
554155
246969
521002
483214
564608
222929
660122
559305
663202
7091
656061
12968
3988
10141
675512
765420
630588
188626
903814
271848
412021
331109
331978
320374
334802
334803
345072
345074
150340
350703
52598
89187
314267
313589
252305
314254
314291
314232
314271
314260
314264
237727
314276
314253
314262
398720
314290
314277
69042
221360
370895
314230
312284
313603
314283
314278
313594
87626
314292
59931
314256
121723
207954
313627
156586
314280
314287
287752
313595
314288
314261
314266
207949
392917
393480
272629
450394
314231
314265
367336
314345
313625
221359
412967
411463
411459
411460
417399
417400
410291
411462
411481
411477
411476
430556
430557
430558
411479
411466
411489
442346
428127
411490
428128
428125
411902
411485
411465
411474
445973
445970
445974
411468
449673
411484
445972
478433
478435
479831
479832
479833
479834
391587
383629
391619
391595
428126
445971
470145
471874
465541
465543
443255
457429
463191
471872
499175
499176
499174
471871
502347
502346
471875
224308
535025
535024
398513
537937
457421
537970
537971
537972
543737
118168
391600
91464
236097
180281
473788
382464
391615
545422
455436
555461
483216
483218
470146
439493
440497
500635
500640
500639
511680
500632
500633
483217
929558
314270
439496
314607
521003
483215
445975
439495
439497
247634
391589
637616
411464
500637
563990
566461
457431
457425
537006
553973
536231
525244
525254
548477
525264
518635
518637
537007
539329
569881
528345
528346
528347
528353
528356
528355
528357
528358
528359
528360
457424
469590
556258
565636
565637
565638
565642
565652
565643
565653
565651
565654
565645
565646
565648
565647
565649
565656
565650
565640
565644
565641
565657
565658
565659
565660
565661
565662
565663
520454
520452
520451
520450
520489
520487
520463
520461
520459
520460
520449
547042
537011
411471
476272
545696
518634
537012
521000
518636
244592
391586
467661
566466
565045
469616
469605
469617
556260
457396
556266
457401
556267
556269
457394
391601
93058
546274
566549
537013
520462
520464
520456
520466
520458
520457
520455
219305
591157
591158
457427
457428
591159
467200
437701
525245
525246
411486
556259
525255
525260
525268
525284
525310
525318
525325
525256
491074
525278
525281
1423757
525329
525330
525362
1423799
525365
1423814
491077
548485
525337
525372
548473
548474
525374
548478
525341
525263
525271
525279
525282
525306
611304
573066
457392
469586
457400
469618
528348
621372
626522
546273
592028
566550
626523
608534
491075
525361
548470
525378
525376
575591
520488
224914
585145
585146
585153
585158
629741
546275
546271
491076
585502
585503
585506
586220
585199
585501
638300
638301
638302
585517
444612
525369
585531
196164
525280
525309
585520
525328
526980
526970
526967
526971
526972
526968
526977
526969
526974
526976
526978
526979
526981
526982
526984
526985
526986
526987
526988
526989
526990
526991
526992
526993
526998
526999
527000
527024
527021
527025
527027
527023
527022
527031
527032
527029
527030
527028
527019
527020
501479
644107
644076
633131
565666
565639
575594
592031
645512
411483
575585
575586
575587
575588
575589
469587
469588
469589
457391
585543
575595
563193
575584
575597
575607
575599
575615
575605
575611
563037
469591
457390
537970
585149
585151
585152
585155
585156
585159
585160
585161
658187
645465
585157
585144
585148
585150
649764
649743
649760
649761
634994
478433
663887
663886
575612
469608
563194
520453
520448
550672
550676
550677
656379
656380
665027
666475
655811
585147
525243
592014
525242
649742
525262
667127
667128
619693
528351
585154
667129
575565
469592
585544
575590
457416
450749
641146
641147
699185
699186
641144
536227
443255
546269
469621
500638
683082
742159
707232
525375
655813
649754
525368
525370
525259
749549
749533
749537
749545
749540
749528
749531
749547
749527
749539
714995
749536
749541
749532
749538
749542
749544
749550
749548
749546
749530
749529
525371
525258
760570
762948
762962
701347
880591
608538
883062
658659
658664
796620
353152
333668
484906
412030
572479
378806
572544
262728
262727
390236
904144
907262
907931
675513
756272
706434
880633
584708
215689
762376
702459
720555
861557
748224
648757
581103
523846
573059
298654
714943
388413
225937
890402
632518
632292
649349
656519
914149
925768
925769
746360
913090
913089
913088
913087
521007
521008
632335
927691
632348
913848
333849
155919
272951
228399
267409
267410
165597
269801
280354
280355
261591
205919
212045
280477
281689
286604
306264
306254
321955
243273
170187
320390
332415
431241
342614
342617
340184
340197
340185
340186
344601
344610
342110
349968
349967
349966
349965
378806
358708
358709
360111
360108
360112
360110
349123
262489
59196
388272
393117
393118
393121
393123
393124
393125
393126
393127
393128
393130
393131
393133
377431
351581
401650
399795
384765
383631
411901
411903
156578
247633
313612
247639
313624
401526
313606
345219
399804
411461
411467
388400
391612
391598
270374
388401
388399
391593
388739
411470
360117
626095
550748
519849
550773
404218
404217
404216
404215
360099
425067
375177
374928
374933
436115
519851
518603
526347
550747
391574
406556
406557
406558
406559
406561
406562
406563
439842
439846
439847
440534
404214
445226
441165
441166
441163
441162
441164
441160
441159
441158
441157
441156
441154
441152
391592
313628
391613
391596
443152
58051
351016
391625
391597
445986
445987
413071
452589
451708
445335
445336
445337
447214
445334
451754
451755
451756
451757
454167
454231
454165
454164
420336
515609
515608
515611
454168
452948
455227
465518
465516
465517
626096
453362
453361
441769
405948
453363
453364
453365
453366
476210
476211
214688
314289
331869
333990
391603
392423
444451
444452
444453
478004
478005
478006
478008
478007
314608
391624
487521
473819
240016
471870
498743
498738
498739
498740
509633
396598
488537
517436
517437
403779
486409
320771
474186
519049
529885
529120
535205
535206
536229
544875
546343
546340
546231
547468
544405
469381
469382
492476
495036
498848
497964
487796
487797
558269
512769
512768
512767
486408
497962
497963
521005
521004
561177
561180
557601
520999
547043
566552
564416
564417
564418
564419
513049
516466
570507
432331
574965
553204
553177
573395
527012
527002
527005
527004
451640
478749
543302
546266
546262
546270
546264
546268
411469
546265
553184
553481
573237
593275
77037
592313
553212
591023
553218
622312
563191
593585
593586
593589
593590
417400
593587
279714
333849
555088
555779
553565
553567
553568
553571
553573
553581
553583
553588
553592
553596
547045
548476
596322
629742
553178
596327
550542
553175
596309
637987
637988
641112
645663
644279
243161
553209
596325
630527
406124
153948
443143
427081
427082
596319
637911
573065
573060
555217
596320
509193
536233
655225
553207
656913
656912
553594
553601
658599
658600
555311
536227
553201
553206
553219
596318
661513
572545
570506
637388
588857
588581
589861
533240
533247
553220
596324
592316
553574
671074
671076
371731
536019
674977
159254
638315
591167
675814
675813
675811
680649
675810
675816
669261
669262
565665
596323
685035
675806
675807
675820
675808
682147
682148
675812
656414
656417
656419
656440
656437
656444
656408
656393
675815
546267
546263
596328
675817
643561
596312
376219
643562
596330
679189
679190
596317
693750
693748
1609288
862751
644968
649639
652103
553171
352165
679191
679192
679194
686660
673189
673198
673265
673266
662755
699218
679188
656024
653733
648999
102897
710094
710095
710096
713605
595501
675514
675515
675516
675517
675518
675519
675520
675521
675522
553590
553577
553580
679195
686659
596329
663278
714961
246199
791166
702446
702447
791161
702450
702443
702444
702430
525256
585528
747682
634956
243261
655812
585530
585524
228399
871925
754255
754256
754258
754259
754260
754261
754262
761194
702431
702433
702434
702436
642492
485913
693973
525283
563045
585535
682795
1198114
666684
596153
768700
752555
679202
796392
679204
679205
679206
679207
683219
682181
232348
232363
754254
754256
88274
768724
784613
858619
863369
863368
768728
768713
869728
693971
596151
647113
509191
717606
697329
517433
866771
866773
866774
866776
866778
744979
753642
882856
886872
401053
879301
879302
879303
879304
908339
905067
904306
585891
871541
465515
272129
869310
869313
869309
869308
869305
869801
869214
31033
42254
30611
412420
344747
161544
161528
391591
445983
445984
405917
405533
451707
451709
405536
425265
476212
444447
444448
444449
6334
486624
498737
498741
498742
486619
486621
396596
486620
396597
486622
557724
520465
513051
513052
513053
563771
563772
563773
595497
595498
627611
377628
547047
547046
545431
536230
632245
641140
641118
673519
470735
634177
771870
767455
695560
767463
240176
578460
670897
887061
694427
693978
907287
908337
713603
713602
713601
713600
927655
685038
880447
289397
768670
643867
910314
910313
908612
633697
867903
908338
908340
910312
879310
931281
658172
435837
435838
709032
670487
903507
198215
7209
930942
702455
702453
873517
747367
747368
747369
234831
658429
913239
101020
566546
718271
1423822
903510
869211
706437
278137
5062
933263
933264
936140
710696
644966
595537
670892
7463
637887
873513
909420
930946
873533
907238
907240
907237
907239
888049
888052
888057
888826
888064
887325
888801
887326
887899
941770
525377
887929
658089
665951
457393
665953
665943
562982
469594
937774
648996
665937
888832
937773
765698
412597
367775
743721
859654
943945
535026
469593
665958
665959
435832
562971
764544
693979
749222
688270
910954
575540
765177
709986
945704
887898
888745
888833
914128
742821
469596
742820
914127
945555
888051
517722
547048
936156
44056
577650
706439
859194
743525
875329
875330
754027
749551
754025
754026
797209
525379
926026
926027
926028
926029
926030
926032
655827
435842
889204
888048
904139
888746
710394
710393
563036
741091
563038
946034
889201
484018
144034
873447
873448
873449
764298
764299
875093
764291
13686
132113
626939
762983
696749
887324
888825
889206
663952
745015
745017
745018
745019
745020
745021
745022
749949
749950
749951
763919
766762
789332
858313
858314
858315
858316
946362
663954
909946
670894
670904
670905
670899
858317
858318
859198
871586
871587
871588
871589
871590
871591
871592
871593
882863
882864
882865
882866
882867
882869
945543
945550
641491
9305
933115
865938
948561
948563
984892
767462
930171
930945
930943
742740
742741
312017
886886
886888
886889
858215
911116
911117
911118
911119
911121
911122
911123
911124
911125
911126
911127
911128
911129
911130
911131
911132
911133
911134
911135
985053
911237
556261
987059
985867
158189
981383
550694
930170
709991
693977
667015
867900
645991
888741
5786
762903
697282
656372
656374
550687
656383
656388
656390
656420
656449
656404
868864
888743
888815
888817
888819
871585
353496
562020
935592
935587
935594
935590
935586
935597
935598
935595
888066
888828
935599
909420
935591
935588
935593
935589
1604
992406
877455
981367
928327
928328
879305
879306
944557
864564
658656
910311
910310
886379
863638
331636
925775
925777
909945
994476
909947
888027
888809
888810
888059
888811
888812
509192
985081
985080
644548
981384
983920
861208
997824
997825
929102
941967
991905
948595
743722
717774
703352
857581
857579
857578
857576
857575
857574
857573
857572
857571
866775
565443
945681
541229
999630
767031
715225
632516
320371
357347
887700
743273
743274
743275
743276
743278
911104
691160
933266
933269
933280
933290
543538
543539
543540
941429
932676
945360
941435
945433
945434
998089
998090
998091
695562
760142
994479
869669
993047
869670
869672
869674
869681
869682
869684
869675
869678
869687
869688
869690
754082
755732
693661
869691
869692
869693
869694
869695
999541
998820
999378
994484
765057
765058
765061
760746
765064
888742
888807
888821
888062
888728
888813
888818
935297
1002672
996285
888822
991778
937450
987060
869209
880072
700015
869210
745023
909421
999891
984129
676032
208596
762963
762984
763034
749535
257310
257311
257313
272947
882
258594
272626
257309
272631
272635
269797
273075
272844
84588
220341
266264
169963
211110
218496
223926
243090
273121
243265
264462
290434
290399
298386
319795
489653
216432
196627
323848
382245
382640
1511
291112
316275
551115
548479
565042
565040
525381
634500
644295
675635
685727
692420
693745
436717
330214
749927
762550
795797
861360
1639
866630
83406
882378
926569
935897
936155
941640
979556
926570
990317
708248
1001745
1001746
1001747
1001744
684364
261658
100226
220668
264198
318586
339670
94122
331272
765063
715226
751586
747676
998088
331635
263358
984894
999386
999394
999892
331636
1001582
1001585
876044
562981
929507
990316
879295
908341
888824
103372
941258
929506
996637
1007064
596154
1006543
882453
903520
720556
720557
720558
723888
723889
723892
743710
743711
882455
876283
1006006
909954
762966
762982
904347
904725
904723
904726
904317
904321
998087
760011
546271
909209
754330
754327
910237
910238
754336
754332
754331
6945
1004836
9361
908247
681573
670484
263438
878320
572307
294381
353153
370354
322104
7176
45351
665950
658083
658088
575593
481877
937772
1007105
1005058
496833
563174
657308
213810
663917
679716
685039
696747
699037
699035
316401
634464
712938
717959
717960
722911
863767
932920
862962
216597
862964
862965
862908
869216
869215
869269
869303
869304
869306
869307
869311
869312
866628
904338
936139
511437
1004153
980518
342949
1001530
1007104
489825
887062
983544
886289
760791
760809
766141
983545
983548
879243
747365
906968
561307
1027396
1017266
760861
760834
760810
992186
690850
590998
696406
760192
1009853
1009854
888823
888808
888820
888816
679937
1017264
355249
585538
909952
510951
933801
1209989
697281
1007103
766160
766159
887327
742766
742767
997346
1002339
990282
715451
766145
547143
743720
936154
866777
913847
863239
1009464
888060
888063
70448
1000565
756067
743299
1029824
1029823
875328
443218
768490
491952
768492
30195
686340
944559
879307
1030157
545695
545694
742013
880724
868595
904296
767100
1000568
936047
936048
1000570
1000589
1026882
82789
857087
868131
930780
1033837
768493
717773
762633
903898
903890
768727
547145
696281
743718
869671
869673
869677
869679
869680
869683
869689
1031711
1005704
1005705
904759
904760
1029822
320483
1000935
234826
1000937
1000938
1000939
1000936
9668
945711
945712
365046
1028307
1029813
1029812
693970
795359
529709
1029814
1001603
1001602
1001987
1001986
1001591
1001593
1001589
1001588
1001587
1001586
996863
996809
996862
996808
996861
996860
996859
996858
996857
996856
996854
996853
996852
996851
996850
996849
996848
996847
996846
996845
996844
996843
996842
996841
996840
996839
996838
996837
996836
996835
996834
996833
996832
996831
996830
996829
996828
996827
996825
996824
996823
996822
996821
996816
996814
996813
996812
996811
996810
996802
83485
1031709
261317
545776
882102
1038844
797210
1041521
1040964
1036171
667014
688269
941639
327275
506534
1042804
679901
1029815
1029816
1029817
1029818
1029819
1029820
1029821
688246
707241
1030009
665954
457387
658655
658085
658081
658082
980584
997765
593907
504832
1031710
717231
457403
578457
986075
1036674
995087
991791
579138
761193
1036673
573569
1010838
483219
1009370
903503
1042878
945689
1046625
1043206
696127
956483
882101
1035817
1037411
999141
261292
316
336722
709797
1050720
1042876
744872
1003200
1051072
979982
1045854
1048834
486623
1036672
1037890
1037908
1050617
1008452
904294
1008453
887712
326426
385682
1001994
908937
997352
997353
888814
997356
1027292
5932
882098
882099
882100
1049565
1042377
1042376
1042375
1042378
1004149
697871
860228
1053692
991935
991930
991945
991947
888056
997348
1042403
143995
713604
795955
520461
990288
1005048
1005703
1005706
679193
1051006
768726
1042877
1032845
759272
1034808
991961
991965
991984
991998
991989
991948
991997
991959
944562
904334
1000569
879308
866779
944564
935298
1034836
904330
904328
904319
904738
904747
904731
904730
904728
1038844
990315
1054460
1028803
1028804
1028806
1041522
686578
756012
992402
992403
992404
992405
521010
983328
880070
1052677
701176
870967
870968
1051645
675816
1051646
1051649
1000588
1035185
888833
889201
1035187
390236
758828
1035377
1037410
1073985
1073841
1055325
1072575
10029
1071395
204722
1045858
1035189
944565
997830
944560
759362
694429
1074486
590646
619300
868597
634497
1051005
1051003
1051004
768671
765913
886377
743965
1051985
1051972
1075088
1046627
1069495
1045009
707235
1048808
756883
913865
1055528
1055529
1055530
563031
702438
665942
693988
640513
1074493
1043205
762570
558169
1049564
1073571
1069534
519989
754084
754085
754079
754087
754078
754089
754090
1006007
714313
585394
1073972
1074494
1005090
1005057
749388
1027371
700597
756982
598467
983644
1078016
457422
742742
742765
7897
1079060
1074488
525362
981368
1076692
1036743
1084662
1003237
4113
573729
578455
1077285
941193
1074482
1077144
1078018
298701
497978
981222
856793
500485
1079986
1079364
515849
1085623
1068608
580047
1008459
907488
1032488
1081640
1071378
5661
1087453
665945
637390
658080
665946
997355
997350
1048830
1052585
1052588
745014
751994
940284
940286
1070319
1072459
1029825
717605
765914
765911
1030841
1074052
1074053
1074054
1074055
1074056
1074057
1074058
1074059
1074060
1074061
1074062
1074063
1074064
1074065
1074066
1074067
1074069
1074070
1074071
1074072
1074073
1074074
1074076
1074077
1074078
1074079
1074080
1074081
1074082
1074083
1074084
1074085
1074086
1074088
1074089
1074090
1074094
1074117
1074133
1074139
1074142
1074152
1074158
631362
1074113
1074114
1074095
1074115
1074116
1074118
1074119
1074120
1074121
1074122
1074123
1074124
1074125
1074126
1074127
1074128
1074129
1074130
1074134
1074135
1074136
1074137
1074138
1074140
1074143
1074144
1074146
1074148
1074149
1074151
1074153
1074154
1074155
1074156
1074157
1074159
1074160
1074161
1074162
1074163
1074164
1074165
1074166
1074167
1074168
1074169
1074170
1074171
1074173
1074175
1074176
1074177
1074178
1074179
1074180
1074181
1074182
1074183
1074184
1074185
1074186
1074190
1074092
1074093
1074100
1074101
1074102
1074104
1074105
1074106
1074107
1074108
1074109
1074111
1074112
568816
487215
1089300
1089299
985895
1086014
13735
1082931
858893
166318
797304
797303
1089443
1071969
641107
596155
710685
743719
931627
754035
768672
882081
4533
993615
1087483
573825
1091045
563033
679198
742725
714083
996306
693972
741277
768704
1088868
1005041
1005042
1004952
1004951
760760
760839
760864
760862
760822
760831
760828
760818
760825
760851
760781
760863
760869
760884
760826
760854
760813
760866
760865
760795
760821
760823
760827
760885
760755
760763
760764
760765
760769
760771
760772
760773
760775
760778
760779
760780
760784
760790
760786
760793
760797
760799
760808
760812
760814
760815
760819
760832
760833
760835
760837
760860
760844
760847
760850
760856
760859
760888
760886
760845
760868
760882
760876
760877
760754
760758
760800
760887
1072576
1074889
742733
665948
665940
661087
450748
993512
1095774
1064537
993513
879212
1087454
1088720
580340
1052680
1052681
1052682
885276
885275
1045855
1087053
762968
1082932
1082933
857292
883167
857291
679201
679199
702437
742735
742813
926027
1078029
1078030
1078031
1078033
1078035
543736
1088869
991950
991933
991955
991938
991942
1093788
1093789
1078020
1101440
929439
717522
1075089
1110505
1076135
991966
991957
991956
991954
991953
991952
1068621
1068620
1068619
1068618
1068617
1068616
1068615
1068614
1048334
1048266
1048265
1048256
1048254
931890
39432
771875
679200
861452
861455
742737
1081093
1110509
985665
768706
1094979
911238
423471
1074451
550984
1109445
1104326
880592
1080365
997827
1002365
1002367
1002369
997828
1088721
1072583
1097668
1107544
1094714
1094715
43179
1112912
1075399
1104322
1091040
1091039
1107882
1111069
1111068
1118153
911045
640081
158190
926562
477184
1087481
1112217
1034345
1071381
985002
1107881
1114960
1114959
1118154
1095923
1117110
1114970
720554
1118959
134676
331113
985006
1002804
1003195
1052684
1064592
1064539
1124474
1124469
1124470
1124475
1124471
1124468
1124480
1124486
1124484
1124476
1124481
1124483
1124485
1124472
1124473
1124487
1124477
1124478
885272
926567
941638
768065
32042
6183
701521
537010
796944
796937
796937
796937
1104320
1104321
203275
1117315
766761
763921
763920
749947
749948
749953
749952
1087479
512030
457415
665956
665957
665952
665949
665944
742730
665939
310037
1035839
909943
797515
1097676
1077972
13146
1111676
1091046
1001714
1055352
873127
933356
1114961
1114962
933093
347495
1123523
1002364
861450
411475
1002368
797473
303518
32507
8153
32264
1081646
904727
904766
904768
904771
904737
904724
904732
904735
435830
653386
665941
115808
566679
551936
551947
388384
383911
1108974
1127128
1127129
1127131
1045856
1114966
1114967
1114969
1041826
1117646
1075091
229533
1003195
1125630
1097667
1126682
1126683
1126684
1006551
1051629
1078001
1078002
1078003
1078004
1078005
1078011
1078013
1074454
1077282
1079752
1079753
1079754
1079755
1079756
1079757
1027397
1093141
911598
763922
984241
984242
882860
882862
941188
1045004
8083
1129369
859192
420915
386429
1071390
1111078
1073574
1110694
1077974
1077976
1075090
386428
1116375
1002366
1112212
1112214
1009852
940265
1116235
1116236
1088719
880073
1120227
1087452
698962
698966
698972
698973
745277
656398
550685
550674
656405
656435
883152
1117958
883154
658087
469614
658657
796942
767434
797516
762965
861454
908937
1125976
885273
885274
1116230
742743
886293
904743
904745
904746
904750
904754
904767
889378
929556
1125977
883109
7918
1116232
1055328
1053687
698969
882868
1112211
1112216
859350
929558
457402
999414
999422
883158
511062
1127483
871963
756499
742739
742817
865937
937775
929704
9778
671065
929563
4950
928724
882800
647171
691164
278956
1049927
1049930
1049946
1049924
1049945
1049931
1049966
1049804
1049906
1049902
1049935
1049782
1049937
1049938
1049762
1049968
1049978
1049971
1049984
1049972
469597
755731
768710
319017
319003
882083
882082
864051
395493
1051503
596152
1054213
1132497
1132498
1132499
1132500
1132501
1132502
1132503
1132504
1132505
1132506
565143
1051502
1051501
1133850
1094175
1094176
1094177
1094178
1108968
1028799
1048689
1132507
1131935
904772
904773
904774
904320
904324
904326
1050222
1129374
883114
742816
883113
883103
1051055
1051057
1051056
1051058
1051059
1051060
1051061
1051062
1085548
1085547
1085545
1085546
1085544
1049926
1049802
1049801
1049944
1049943
1049911
1049912
1049913
1049805
1049803
1049969
1049815
1049962
1049961
1085550
1085549
1085542
1085543
1049820
1049907
1049909
1049908
1049814
1049773
1049821
1049807
1049921
1088543
1088544
1049947
1049765
1130827
491078
491079
491080
491081
1069533
700598
590061
545243
875454
1008457
1123284
904335
904336
904337
904339
904341
904342
904343
904344
904345
904346
904775
904778
904781
904782
904783
1131757
1131758
1125979
1112209
1030842
1142511
931626
1144280
1112215
10181
1112204
1036177
1036735
1144300
1134687
883118
883120
883121
1134687
1089455
1115512
1089454
1089453
1108044
981336
981333
981329
981327
1074485
660596
1001542
1001534
931432
931433
931434
931435
931436
931437
931438
931439
931440
931441
931442
931443
931444
931445
931446
931447
931448
931449
931450
931451
931452
931453
931454
931455
931456
931457
931458
931459
931460
868133
868134
868135
868136
868137
868139
868140
868141
868142
868143
868144
868147
868152
868153
868155
868156
868157
868158
868159
868160
868164
868165
868166
868167
868168
868169
868173
868174
868175
868176
868177
868178
868179
868184
868185
868186
868187
868189
868190
868191
868192
868194
868195
868196
868197
868198
868199
868200
868201
868202
868203
868204
868206
868207
868208
868209
868210
1134475
1136138
984262
1116391
1133849
393119
1144273
1148757
224914
1143190
1143191
1134456
762967
798300
1010840
1155766
881290
523831
1041930
1131257
1112213
1150862
1151114
760742
760743
760744
760745
760747
760748
760749
760750
760756
760766
760767
760770
760776
760777
760787
760792
760794
760798
760801
760803
760804
760805
760806
760816
760817
760820
760824
760829
760830
760838
760840
760842
760843
760846
760848
760852
760855
760867
760870
760871
760872
760873
760878
760879
1086011
1121923
1069628
1069626
1069625
1069623
760883
760881
760880
1105109
1136877
1155079
745776
1081736
1144302
456163
693978
1008297
1086030
1134455
406817
881621
218493
696125
765952
768679
862259
866629
426114
889933
927666
930944
941968
942513
953739
702113
1034807
717785
347253
1048332
572418
1048245
1051074
887280
887286
887314
887315
887316
887317
887318
887319
887320
887321
887287
887288
887289
887290
887291
887292
887293
887281
887282
887294
887295
887283
887296
887297
887298
887299
887284
887300
887301
887302
887303
887304
887305
887306
887285
887307
887308
887309
887310
887311
887312
887313
889213
889216
889239
889240
889241
889242
889217
889243
889244
889218
889245
889219
889246
889247
889248
889220
889249
889250
889251
889252
889253
889221
889254
889255
889222
889223
889224
889225
889226
889227
889214
889228
889229
889215
889230
889231
889232
889233
889234
889235
889236
889237
889238
646529
443254
698968
698963
698970
698965
698967
698971
698964
1144275
593105
34638
1144888
1161914
1161915
1161916
1161917
620914
883064
1133569
1133851
1151116
907348
1094188
1160710
1150867
1123242
886293
1123508
1084226
1084227
1084228
1084229
1084230
1084231
1084232
1084233
1084234
1132496
1117942
1055527
1156917
1156915
1156914
1136165
1136174
530557
450821
707237
1163722
1161913
1124937
497739
497980
497738
1076696
1154769
990314
990998
1149134
1158135
910348
1156986
1162281
1095741
1095740
1095739
1157946
1144884
1144885
932213
1081644
1095750
1150599
1150591
1095729
1095730
1095735
889205
1095738
1095736
1162302
1095737
1095752
904791
904792
595495
566546
882086
1125724
1090926
798128
1095734
1168061
1167697
1160717
1089446
945713
1095731
1149865
1151117
1134445
1136218
1136217
1155084
574566
1136178
1167637
1169863
210
102618
1144303
768494
1126011
1117644
1131452
1131453
1131454
1131455
1134459
1168289
766499
1165091
1089445
1157951
1163398
1132509
1163743
182217
1163745
866909
929793
1155096
1127744
1169663
1127743
1167694
1150615
1095745
1095727
1095726
584721
1168065
1163386
1144271
1085027
1086032
1086033
1086036
1086034
1088888
1073567
1089447
1125980
400971
904785
926559
870187
10160
904314
904325
904313
1108963
143302
1423807
1046596
1423816
1423815
1169862
884204
1169412
1169411
1162288
1162287
1046599
1095748
1095743
1095733
703613
889204
1122149
1124982
1165867
946077
1166016
754477
794846
246198
1162283
1162285
1162286
656421
1163749
1161745
1161904
1161744
1161743
1095746
140892
1175306
550682
656413
1134914
716928
1128203
1128204
1128253
1128254
1128255
1128256
1128257
1128287
1128288
1128178
455353
1128179
1128180
502063
1128326
1128327
1128328
1128329
1128330
1128331
1128332
1128333
1128334
1128335
1179780
1123524
1177185
1175629
1178528
741093
1114965
1168287
1163389
1095747
1095749
1095744
1095742
630626
1565415
1126211
864069
880478
710111
735332
868129
1169661
1169660
1187956
416344
1186051
796606
997296
1116214
1116215
1116216
1116217
1116218
1116219
1116220
1116221
1116222
1116223
1116224
1116225
1175313
1175295
1177153
997882
757419
1138308
1131253
1147753
1138874
1156940
1134474
671144
477228
1166015
698950
698955
698956
698959
698951
698952
698954
698957
698958
698960
698961
1038924
1038923
96901
1183377
1189311
1182783
1179778
186196
1165940
1165941
1165946
1163391
1165945
1165943
1165949
1165951
1189620
1175299
752783
752785
752787
752788
752789
752784
752786
752790
1177926
1162294
1163407
1163408
1162282
666685
1163409
334727
1185653
1110502
1184251
1037915
1009420
1009423
231023
1173062
1129896
1027360
667121
1027364
721885
1156939
741275
717982
1169413
1189611
1189621
484020
1171375
1123520
1123521
1123522
1185652
339656
760154
679935
746697
866536
926566
1156938
867902
880071
163003
1185662
1185661
1185702
1185678
1185677
1185694
1185696
1185701
1185695
1185693
1189616
1189618
1189617
1185659
1185660
1185670
1185671
1185672
1185673
1185674
1185675
1185676
1185681
1185682
1185683
1185684
1185685
1185686
1185687
1185688
1185689
1185690
1185691
1185692
1185698
1185699
1185700
1185703
1185704
1185705
1185666
1185667
1185668
1185669
1185706
1185707
1185708
1185709
1185710
1185711
1185712
1185713
1185714
1185715
1185658
1185327
1185655
1185656
1185657
1185679
1185680
1185697
1185664
1185663
1185665
1110504
869212
710421
891968
706587
441157
1005471
1005535
1005536
1005520
1005497
1005508
1005515
1005517
1005518
1005522
1005548
1005540
1005534
1005533
1005532
1005531
1005530
1005529
1005528
1005527
1005526
1286877
1005524
1005523
1005473
1005475
1005476
1196835
1176487
1005521
1005519
1005516
1005510
1005509
1005507
1005504
1005503
1005502
1005501
1005500
1005499
1005496
1005495
1005494
1005493
1005490
1005488
1005481
1005478
754091
766163
766143
766140
766166
766164
482234
992128
992131
992132
992133
992134
992135
992136
992139
992140
992142
992143
992127
992129
992130
992137
992138
992141
992144
992145
992146
992147
992150
992153
992155
992156
992157
992158
992159
992160
992161
992163
992164
992165
992167
992168
992169
992171
992172
992173
992174
992175
992178
992179
992180
992181
992183
992185
992148
992149
992151
992152
992154
992162
992166
992170
992176
992177
992182
992184
997880
997888
556262
883123
857290
272943
511145
170187
1185421
1181234
766729
1035116
1035117
1167628
1193128
1196324
1193119
420889
420890
391904
452652
866344
866345
102608
866346
650150
536056
981539
981540
940190
1029718
1030843
1032480
1148
502558
1042156
443150
1112250
1112252
1112254
1112267
1034809
767465
1001720
1001716
1001737
1001724
1001739
1001714
1001725
1001718
1001719
1001723
1001713
1001712
1001711
1001721
1001715
1001741
1001706
1001708
1001709
1001710
1001732
1001740
1001735
1001733
1001734
1001731
1001730
1001717
1001722
1001738
1001704
1001736
1001728
1001729
1001726
1001727
1001705
1172194
1002809
1093787
768486
1191460
1136177
1149862
1149860
717944
694068
741705
578456
754764
755176
754522
754762
1198676
1125721
1125722
1195246
795666
1191300
1191312
1191325
555793
1096546
789642
789646
789647
796737
796735
796734
789643
789644
789645
796736
859196
859197
858309
858310
858311
858312
997874
997875
997876
997877
997878
997879
997881
997883
997884
997885
997886
997887
997890
997891
997892
1095900
272943
511145
170187
665953
398513
565655
457402
999414
457405
528352
528354
997873
1196662
997880
997889
992046
992053
992044
992043
992042
992047
992049
992050
992048
992052
992054
992056
992057
992059
992062
992061
992066
992060
992068
992067
992078
992077
992069
992080
992081
992083
992091
992092
992106
992107
992108
992098
992111
992064
992065
992030
992031
992026
992029
992027
992028
992022
992020
992019
992018
992017
992103
992105
992072
992073
992074
992075
992119
992024
992025
992023
992117
992118
992122
992121
992033
992034
992039
992040
992041
992112
992055
992016
992014
992013
992038
992036
992037
992032
992063
992114
992102
992085
992087
992088
992089
1156918
992125
992099
992100
992120
992095
992094
1185654
1048264
1093790
1194970
1191522
1177117
1007654
857290
694433
732165
28892
564422
564421
1189622
1155130
1155131
1155132
1155133
1155134
1155135
979222
979221
979220
979219
979218
979217
979216
979215
979214
979213
979212
979211
979210
979209
979208
979207
979205
979204
979203
979201
979199
1030145
564420
1144317
1182756
493915
34839
743973
1191061
1165942
1165944
1165953
1201293
1138383
1165952
1163738
1046596
1165947
1165950
1144253
487521
1138382
1105094
1105095
1105096
1105097
1105098
1105099
1003201
1003202
1168290
742729
1163739
1163741
1163740
1163742
796945
1192759
1202448
1173691
1125719
1182762
1105031
1123721
1125720
1125717
767029
627344
1197325
907965
48883
1114972
1094552
1094755
1094563
1094553
1094554
1094564
1094556
1094562
1094557
1094558
1094560
1094555
1094561
1081943
1170698
1182758
1182757
1182759
1182760
1182761
1197727
903896
903889
903892
903893
903894
1202532
936548
914148
914139
914131
914140
914132
914133
914142
914134
914129
914144
914130
914135
914143
914145
914138
914147
1191523
1123519
991963
991974
760858
991926
991944
991946
991923
991925
991927
991976
991929
991932
991939
991940
1069624
1069627
1105120
1159208
991990
760785
760841
1105121
1105115
1105117
1105116
1105118
991995
1105119
760802
760788
1131630
1131627
1131629
1131628
992003
1196653
1094559
1094551
1178016
1197174
887064
887065
887066
891411
891413
910413
910414
910415
910416
910417
910418
910419
926035
926036
926037
930769
984228
984230
1090945
1116476
1200349
1200345
1176490
1175632
1176125
1185414
655819
51337
745408
1144272
707248
690598
690597
1160718
1203257
1197706
659495
1168221
1144314
926550
1206105
1087441
1087444
1087445
1094169
1128946
1128951
1128954
1087443
1094167
1128948
1128952
1168062
1168063
1094168
1094171
1128950
1128953
1168064
991928
406552
1144307
1144306
1162296
754081
754077
1038922
1038921
1144304
1144305
1144311
1144312
1144313
1144308
1144316
1144319
1144322
1144323
1144324
1144325
1144326
1144327
1144329
1144330
1144331
1144332
1144333
1144334
1144335
1144336
1144337
1144338
1144339
1144340
1144321
1144342
1144343
1144344
1144315
1144318
1144320
1144341
713604
1201295
1207076
1192853
1176488
194867
1198629
1105029
1210443
1211112
1165852
1178825
1105030
1211113
1211114
1211115
1185325
1185324
9807
1151115
1134912
1196029
490759
246196
1196323
1210908
1188007
1212546
1212766
859657
1064535
627192
748280
1041504
693746
652620
945021
1116231
862719
334406
1114958
216599
718274
1112856
1105102
1105105
1105100
1105103
1105112
1123863
1117943
1105107
1105101
1105104
1090974
481009
1146883
1127134
1105111
1105113
927704
1142394
1080228
1105110
1105114
1105108
1080229
944547
983917
335659
512565
1162668
511051
944546
1037409
1155777
1150469
1041809
1080230
580047
591946
866895
1074252
1089456
1155071
1163399
1163748
1172562
1005043
1042399
1042400
1042402
1124941
1128959
1124942
1128963
1160707
1112349
940287
940288
940289
947557
947561
981210
981212
981213
981214
981216
981217
981218
981220
981221
940265
940283
940282
940285
1007656
752789
1048261
238241
1033731
553
946235
1033743
1033734
1033739
1033737
1033740
1085031
1111072
1111073
1111074
1111075
1111076
1085630
1009417
1033736
1095771
1133596
1176165
1007656
553
1115803
1160702
699248
1167631
1206770
1206769
1206771
1206772
1206773
1206775
1206774
1211025
1200793
1211706
1167632
1179226
1156919
936572
1105032
936577
903899
985079
985078
903900
903895
936588
1216470
1159197
1159198
1159199
1159200
1159201
1159202
1159203
1159204
1202539
1199245
134287
1194717
1197721
1194706
1194708
1194719
1194718
1194716
1194715
1194714
1194709
1161422
1078483
1032506
936573
936594
936556
1161421
1194669
936554
1208103
1215087
1183154
1154874
1154870
1154861
1154875
1154884
1154886
1154888
1154894
1154895
1154893
1154892
1154910
1154909
1154897
1154896
1154898
1154912
1154944
1154913
1154911
1154914
1154945
1154947
1154946
1154950
1154948
1154951
1154952
1154953
1154954
1154955
1154957
1154960
1154962
1154965
1154966
1154807
1154808
1154809
1154810
1154811
1154812
1154813
1154814
1154816
1154817
1154818
1154819
1154820
1154821
1154822
1154823
1154824
1154825
1154826
1154829
1154834
1154849
1154850
1154851
1154852
1154855
1154856
1154858
1154863
1154876
1154877
1154879
1154889
1154890
1154891
1154901
1154906
1154907
1154908
1154915
1154933
1154934
1154935
1154936
1154937
1154942
1154967
1154968
1154783
1154781
1154788
1154789
1154792
1154795
1154800
1154827
1154806
1154828
1154830
1154831
1154832
1154833
1154899
1154900
1154902
1154903
1154904
1154905
1154916
1154917
1154918
1154938
1154919
1154920
1154921
1154922
1154923
1154924
1154925
1154926
1154928
1154927
1154929
1154931
1154930
1154932
1154939
1154941
1214916
1213458
1214224
1121088
1053250
1053248
1053247
1053244
1053241
1053240
1053239
1053238
1053237
1053230
1053229
1053228
1053227
1053226
718223
1053166
1053168
1053171
1053172
1053206
1053210
1053212
1053216
1053219
1053203
1053220
1053225
1053221
1053223
1053222
1053189
1053199
1053198
1053195
1053191
1053188
1053186
1053185
1053184
1053183
1053180
1053181
1053182
1178526
1053179
1202962
1175631
1078464
1078763
1210444
1210450
1210454
1210452
1210449
1210448
1210453
1210446
1210447
1210445
1210451
1217720
1217721
1217722
861530
1216961
1217718
1218513
651305
663918
1217984
662946
1218175
662945
662947
1132836
1210907
1206109
1217737
1141101
743713
9978
1100721
1009846
1216362
936381
1161424
1125723
1111137
796937
1212557
1212554
1212559
1212561
936565
936375
936370
473781
1069609
1069608
1069610
1069611
1069612
1069613
1069614
1069615
1069616
1069617
1069618
1069619
1053187
1053192
1053193
1053194
1053197
1069620
1069621
1069622
1053200
1053201
1053207
1053209
1220533
1187851
1206781
1220535
1100720
1182164
1182170
1182167
1182168
1134784
1134785
1134786
1134787
1134788
1134789
1134790
1134791
1134792
1134793
1134794
1134795
1134796
1134797
1134798
1134799
1134800
1134801
1134802
1193292
1134842
1214914
1202667
1184252
1205910
1218933
1157949
494419
1229785
1150626
1200346
1118963
1196028
1134841
1134840
1134839
1134838
1134837
1134836
1134835
1134834
1134833
1134832
1134831
1134830
1134804
1134823
521393
1134824
1134829
1134828
1134827
1134826
1134825
1134822
1134821
1134805
1134814
1134806
1134820
1134815
1134816
1134817
1134819
1134818
1163397
1134807
1134808
1134809
1134810
1134811
1134813
1134812
1228997
1212545
1210005
1206108
1194972
1214102
1224142
1225184
1125718
1191475
936595
883169
742818
742726
888439
883077
1133568
1229492
1194088
562729
1200792
185453
9365
1165841
247490
1185876
1423758
1423751
1169670
1169666
1169668
1169673
1169665
1169671
1169675
1423790
717227
857293
174145
1194086
1129897
1163392
1163393
1163394
1163396
1163395
1154757
1156937
1160279
1159488
1212819
1210046
903911
903912
1231057
903913
903914
1224744
1210045
620833
1073386
889487
1073387
1073388
742823
883169
1125694
1125693
883153
883155
29159
1168588
1168590
1168591
1073382
1073384
1073383
1073385
1073377
1189613
1232724
1071400
1184607
1108045
1184609
1208314
1224748
9818
1225176
1239881
1218353
1218354
1218355
1218356
1218357
1218358
1050219
1050221
1229903
1229906
1229904
1229907
1169410
1169409
1072389
1229756
697283
1150157
859653
744985
1203670
28737
1048260
1134782
1230341
1197720
1128398
1229909
1231054
1087448
1133852
1133853
1225781
1225783
1225782
1227811
1231392
1207542
1177186
1219061
1223564
1224141
1145111
1145113
1145114
1145115
1145116
1145117
1145118
1145112
1145110
1208323
740709
745411
1207063
1004788
385025
1004785
930169
1239881
1234596
1206109
1229205
1188
1229758
1004787
1233099
1207543
1177928
391937
1122247
1234777
1235827
1195464
1231190
1178537
597362
936046
650164
1183155
1203544
1203545
1196421
1161912
1231377
1046714
1226115
1156935
555500
1206776
386894
1203546
1203547
1177179
883111
883112
883096
883098
883094
883092
1221245
1221247
1221248
1221249
1221250
1221251
1221253
1221256
1221258
1221260
1221265
1221266
1221269
1221270
1221275
1221276
1221277
1221278
1221279
1221280
1221282
1221283
1221285
1221289
1221290
1221295
1221296
1221299
1221300
1221307
1221308
1221310
1221311
1221244
1221246
1221252
1221254
1221255
1221257
1221259
1221261
1221263
1221264
1221267
1221268
1221271
1221272
1221291
1221273
1221274
1221281
1221284
1221286
1221287
1221288
1221292
1221293
1221297
1221301
1221306
1221309
1221302
1221303
1221304
1204725
749219
1234380
358220
1100841
1206103
1169669
1224136
1005483
1005491
991962
991960
1154761
1154762
991967
991969
991970
991973
1154758
991992
991993
991975
1231376
991994
991996
991999
992004
1000951
1229202
1005441
1005442
1005482
1005486
1005554
1005553
1005552
1005551
1005550
1005549
1005547
1005546
1005545
1005544
1005543
1005542
1005541
1005539
1005538
1005537
1005567
1005566
1005506
1005505
1005474
1005472
1005470
1005477
1005480
1005485
1005484
1005479
1005489
1005498
1005514
1005511
1005555
1005557
1005558
1005559
1005560
1005561
1005562
1005563
1005564
1005565
997888
1147128
1169664
1193051
686990
187303
1194165
1211776
1192868
1230587
1200386
1231626
1071382
1071759
1071762
1071763
1097669
993517
903906
903908
903905
1221537
1239934
991924
991937
991943
1005450
1005463
1005469
1005452
991991
991951
1051362
991968
991972
992005
992006
991987
992000
992001
1005455
1005462
991977
903901
903902
903903
903910
903904
903909
1005464
1005461
1005460
1005466
1005467
1005397
991949
991978
992002
991958
991941
992007
991971
1000952
992008
992010
992012
1147129
1131462
1210518
1210519
1210520
1210521
1210522
1089553
1229517
1229518
440512
1169848
1193018
1193014
1193049
1193039
1193019
1193010
1193009
1193047
1193012
1193057
1193060
1094980
527021
477641
591365
996634
91891
91891
100901
879089
1193017
568706
562743
879090
882020
882095
882096
882097
882094
651182
935198
696748
698758
617121
475609
33037
1214064
1007096
1214065
999420
999419
999418
999417
999416
658661
999421
1235829
879088
1232188
1233245
450396
85962
1234365
1234600
1131731
1117379
903907
459495
1160280
1001707
1078775
1118058
981334
1141106
1141105
29078
1231390
1231391
1175296
1034944
1118235
1206720
1220510
1206721
1206722
1206723
1206725
1206726
1206727
1206728
1206729
1206730
1206731
1206732
1206733
1206734
1206735
1206736
1206737
1206739
1206740
1206741
1206742
1206743
1206744
1147034
1161392
562
1221262
1221294
1221298
1214063
752179
903929
903932
903930
903935
903922
903923
903925
903926
903921
903924
304767
304766
118166
1196419
1160703
1122618
1196416
1196417
1185418
1051651
1051653
1051654
1051657
1051658
1051659
1051660
1051661
1051655
1051656
1221327
751945
1118965
1127439
864702
51351
1159019
1245029
1171373
1004786
305700
303682
497321
1234381
1123367
1234382
1154885
1154771
1154848
1154854
1154872
1154776
1154882
1105236
1154786
1154798
1154804
1105256
1105262
1105264
1105276
876138
1105254
1105258
1105234
1154835
1154836
1154864
1154868
1154796
1154797
1105268
1105271
1105272
1105273
1105274
1105277
1105280
1105239
1154871
1154867
1105241
1105242
1105260
1154853
1154873
1105235
1105238
1154782
1154799
1154802
1105252
1105253
1105261
1105263
1105266
1105275
1154878
1154880
1154883
1105231
1105232
1105233
1154865
1105240
1154794
1154801
1154805
1105255
1105257
1105259
1105265
1105267
1105269
1105270
1105278
1105279
1105281
1034347
1118056
1224746
1118054
1118057
1118060
1118062
1159617
1206782
1118061
1203258
1203259
1118059
1095767
1095770
1095769
1033730
1095772
1033732
1160286
1160281
213618
1160283
1160284
1160285
721123
1197728
938278
1203190
1151061
1203076
1205680
1204719
1006003
1205683
928210
929794
1205681
1221525
1094556
872326
1293597
1211777
1111678
46234
1160282
1331239
412675
1208659
1208657
1240676
1208319
1234664
1185420
1232394
1232150
1232151
1232154
1185419
1041607
599839
1034346
1242970
1244083
1118964
1248420
8090
1147754
1226994
1195885
214687
1069631
1212820
1234409
903915
1231627
9371
1173029
1247729
1247728
1248399
1247730
1247731
1247732
1247734
1247735
1247736
1247737
1248400
1248401
1247738
1247740
1247741
1247742
1247744
1248402
1248403
1248404
1229783
1229781
903917
903918
903919
903920
1218144
1125747
1127672
1127673
493475
1128912
1121922
1129793
1129794
1234128
903916
1156800
1212764
225117
1121428
1226680
883162
883126
883081
883066
742727
883156
883163
999423
221288
1174528
905079
1170230
1203195
1238182
1232673
1136231
1071380
1055531
1232672
1235460
1235459
1257080
665577
102129
1208664
1207075
1289135
1161101
1173684
1005396
1005398
1005399
1005400
1005401
1005402
1005403
1005404
1005405
1005420
292564
1005422
1005424
99598
111781
317936
28072
373994
195253
1005421
1005418
1005416
1005415
1005412
1005413
1005411
1005406
1005407
1005408
1005410
1234592
1234593
1234594
1235479
118163
1173025
82654
1173263
56110
251229
1173020
1227363
306281
98439
372781
184925
211165
1172205
79684
1258580
2711
1170562
179408
1173022
1173027
56107
1173026
111780
698759
13035
65093
755178
272123
1056495
937777
759913
1055532
1069642
1261557
1208660
1208658
1221877
568707
1215914
1230340
693743
1005414
1005419
1071753
1071754
1071755
1071756
1071757
1071758
596777
1071760
1071761
1071764
1071765
1071766
1071767
1071768
1071769
1071770
1071771
1071772
1071773
1071774
1071775
1071776
1071777
1071778
1071779
1071780
1071781
1071782
1071783
1075085
1161918
1267577
1208923
1229281
1073999
1005395
1074000
1208656
1116213
1193729
1225788
1208661
1208590
1208591
1208662
1208663
1208592
1213859
1248436
1249621
1248438
1240773
1240758
1240760
1240761
1240766
1240762
1240763
1240768
1240769
1240770
1240759
1240771
1240772
1240774
1240775
1240777
1240776
1240764
1240765
1240767
1240778
1240779
1027372
1111677
1238674
1230338
755859
755866
755862
1214066
1033733
1095768
904143
1242247
1240385
1232436
1211814
1211813
1247727
1120755
1192196
1154949
1154969
1154837
1154838
1154779
1154785
1154793
1154803
1154959
1154964
1154971
1154840
1154843
1154774
1154772
1154773
1154881
1154943
1154956
1154958
1154961
1154963
1154970
1154839
1154841
1154842
1154844
1154862
1154780
1154784
1154787
1154791
755861
755863
755864
755867
755869
755870
755871
755875
755877
755878
755880
755860
755881
755889
755884
755885
755886
755868
755888
755896
755893
755894
755895
755924
755874
755915
755883
755891
755898
755899
755900
755901
755902
755903
755904
755906
755908
755909
755913
755917
755918
755919
755920
755921
755922
755923
755925
755926
755929
755930
755932
755933
755934
755935
755938
755940
755942
755943
755944
755945
755946
755947
755948
755949
755950
755951
755953
755954
755955
755956
755882
755911
755887
755892
755939
360099
755907
755890
755937
755873
755872
755957
755931
755879
755958
755914
755952
755858
755910
755916
755936
755912
755928
755927
755897
755959
755960
755961
755962
755963
755964
755965
755966
755967
755968
755969
755970
755971
755972
755973
1195242
1042417
926556
1215088
1215343
1169373
1169374
1169375
1169378
1169381
1169383
1169384
1169385
1169386
1169387
1169389
1169391
1169393
1169395
1169396
1169399
1169401
1169403
1169363
1169368
1169370
1169376
1169377
1169400
1169366
1169367
1169371
1169388
1169390
1169392
1169394
1169397
1169402
1169404
1169365
1169369
6412
765912
644801
630626
1211819
1215915
1077975
225400
29730
225164
1179777
593750
673860
1247725
1095665
1095670
1095673
1095676
1095685
1095691
1095694
1095697
1095700
1095669
1095672
1095674
1095675
1095678
1095679
1095681
1095682
1095684
1095687
1095688
1095690
1095693
1095696
1095699
1095666
1095667
1095668
1095671
1095677
1095680
1095683
1095686
1095689
1095692
1095695
1095698
1095701
1243180
1246484
1246477
1211705
1176489
698948
212767
748449
867904
694430
1179773
1246955
1205674
1205676
1205677
1205675
1129368
1027373
1027374
702976
702978
702979
882872
882873
882874
882875
882876
882877
882878
882879
885380
885381
885382
885383
885384
885385
885386
885387
886716
886717
886718
886719
886721
886722
886723
886724
886725
886726
886727
886728
886720
887063
887067
887068
887069
887070
891412
891414
925126
925127
925128
925129
925131
925132
925133
930768
938147
984212
984213
984215
984216
984217
984218
984219
984220
984221
984222
984223
984225
984226
984227
984229
984232
984233
984234
997329
1079475
1079476
1116477
1243181
1121451
1166018
1261556
91459
1232426
1230477
5872
1046624
1049981
1214101
748247
537971
1110693
652616
1262664
1091497
1204414
1074919
1074919
1074919
1298857
859655
1339256
1343564
1094466
1321784
1260277
1235558
1329828
1341643
1204342
1335321
1329836
1329831
1292392
1310683
1310788
1310906
1382922
1380393
1380376
1470592
1249658
1438768
1311
1463897
1463902
1463922
869250
1449335
1446495
1469613
913325
1339225
1340502
374840
191289
518987
470
470
1325933
476281
866790
90963
1891754
196399
10570
57579
10679
10868
10665
10742
78541
687377
10658
1458187
1891770
10623
10835
262177
271108
127507
28321
134599
10677
148603
151539
148880
134681
146032
172220
64186
130478
106284
179237
107324
88870
77048
37961
207830
180587
35341
195061
223356
10784
1891767
31537
66797
10829
10730
67571
133704
122291
10872
46014
10406
1891762
10690
51034
83201
51677
31532
46448
98383
151538
35345
222079
176652
130556
176106
35238
159252
173707
85753
174178
37296
189836
186637
172391
63723
47838
51336
28350
244589
10794
46015
40540
93224
10838
83191
83839
10261
38062
10804
10827
10837
10564
28314
223358
63118
97344
222459
35252
35250
145579
151535
155148
223337
362398
70600
35241
129009
151534
70734
195056
28873
55884
190478
68402
10243
185959
223342
1051966
220608
196095
223307
10567
40538
59504
72003
85618
72638
112023
10796
223303
2003327
10820
10831
10826
36363
40631
10798
127508
38251
134606
37108
10385
37665
28289
376849
168238
223259
10454
46242
181007
33771
10825
10276
10855
31602
191032
67585
10836
10830
94700
31504
196093
376852
220932
10266
220340
10710
169696
35269
10778
37138
43685
178354
10661
222464
223344
222441
929766
117198
223313
227137
205869
205880
223524
215158
173824
194948
96054
50948
242861
194949
50294
374844
188350
35258
180504
242527
205876
228897
260378
259901
263793
266799
265294
198608
197771
756759
53260
10717
180586
85154
173443
207597
219299
223252
12360
172278
191460
223352
223316
128941
205872
205870
227940
208491
207240
222645
170617
35254
247080
236750
52979
46350
77775
40539
114416
10759
44088
260379
194699
268785
260908
264729
197772
10839
28369
114777
12643
1128424
40537
72197
175950
915293
218387
222456
223345
186153
222475
225752
223332
197783
204090
205879
133789
230871
232237
263001
205874
205877
35244
244590
115987
10862
10708
151537
229636
185636
139870
248496
235266
240492
270146
279303
114430
192584
199587
223301
208177
223305
159153
70203
157239
1714273
219744
223347
186152
169683
223308
223346
223321
204086
205875
225588
354260
196242
194966
157924
210016
78395
136084
227470
194802
220638
106331
10280
227720
181604
270117
12407
139872
256994
12390
10840
260909
270673
269277
270161
279280
111874
280702
71366
10273
223334
188763
224399
202568
75320
148943
10345
1993650
196094
126070
169690
186371
234829
77856
1891729
10326
129727
260372
252602
10464
10702
10325
10678
114429
193118
298974
10510
129956
190064
31559
220813
151599
292208
292792
39640
10493
260827
518829
49964
75590
223284
89623
223324
260373
35343
79700
154334
59817
193119
1513224
185750
714640
263578
219704
10760
10258
47929
256729
279530
97081
123735
114102
298650
12355
31535
298975
157898
129951
190061
223275
271479
77647
291589
10870
33726
10359
293284
377611
259931
127509
35593
194445
151536
269145
209052
244310
10381
188524
37325
127441
11303
134386
169691
219596
693897
202812
33708
32603
38804
175814
270140
10754
92963
130499
222078
10640
10761
193122
10649
10537
130328
41678
130310
257468
298338
284503
285013
294631
10849
256548
10449
205868
223282
10390
211787
255131
10680
10331
32604
82300
373058
11757
169687
169693
221054
478812
202813
31757
281492
45455
279281
31600
130309
38420
255431
221029
195063
142661
129875
45370
220814
229634
292639
262968
294382
172296
10317
292443
10386
10871
10506
12436
10876
268316
1513199
10724
110457
132475
103807
10815
198503
129953
249151
12585
310540
11588
329853
12151
42478
1307800
12152
11830
329852
11909
12321
12241
1714622
11020
11665
89463
66266
39116
12181
35612
11885
131082
104664
12893
12288
35286
39101
12431
10869
12639
10854
10320
10271
10651
169865
51369
10719
47680
221037
10372
36453
11657
12143
11307
207343
65467
11788
12175
12889
58103
12885
31711
12450
11855
73498
228582
131226
11642
186538
129395
148879
12049
157619
92129
120086
12433
28295
12730
12056
10641
49267
12417
37554
35246
180170
12402
175567
10788
259898
220812
10867
11958
11741
12179
12158
66834
37206
12180
40281
11663
12881
32625
12235
29272
103603
100887
11246
40270
39046
146499
142102
170621
11809
155414
129143
1169032
186165
35297
12319
65743
10653
10654
10747
40521
105154
10397
120574
57119
35265
51313
232802
298965
151528
363745
12890
11819
12177
35304
106333
11840
28375
11746
12153
11277
11290
64279
11768
106962
83544
228581
11048
11216
154784
205895
39720
73497
696863
90961
12041
109270
134632
46607
76343
167161
190811
190809
12901
56486
46342
31713
12894
28355
12038
103782
37128
59380
10991
81583
31770
42680
151043
193120
674954
12899
11039
107804
198597
88388
11577
11595
161736
11623
37733
79918
74724
32629
130760
218849
40282
12303
47740
198612
31503
116056
33773
192026
160484
12451
12331
64698
92395
12295
28882
154834
67962
152217
1511847
12301
170965
186772
190239
48981
104580
11620
184020
159122
167634
41460
51330
199361
11591
55951
198589
11856
46436
12627
37126
45237
11612
12182
33724
119222
192027
10879
11008
12267
12742
336959
28348
29256
31749
99930
129141
44158
150285
186769
88387
162013
12286
134554
167132
228578
146073
220618
12042
198112
204987
112437
241630
279896
103881
12268
12898
12530
53193
193121
79450
31750
192025
62352
10990
42475
192021
103442
46618
12315
167927
114871
75747
12136
191436
198599
88389
81931
59816
46839
11631
209529
12275
11978
191217
68876
239365
1239574
72750
50817
11867
11137
196690
167021
35291
185782
229149
12896
75914
11901
311176
12253
11628
35281
45219
118655
1476554
234601
253702
277944
190808
12897
219174
52274
122203
192023
12224
37124
11232
186539
284689
12173
11593
11801
224578
686983
11569
291175
206160
66200
292052
12144
12242
12287
1980486
12809
40051
114921
174142
218667
253701
274495
12904
12895
73494
190810
51680
100880
192022
11986
11613
11215
37705
188141
11207
29255
11234
11673
31721
263004
294369
64286
12302
12166
73561
41764
12188
91753
40979
45224
35288
71972
1239577
445435
12271
37133
64958
164750
196375
240555
12285
12783
12906
100785
11886
85652
141860
10995
12542
12187
11250
245101
186540
196089
11191
11608
12327
300180
290314
93830
59300
45709
227507
154339
12294
131083
12023
42882
47669
54315
45103
11135
49891
40059
11599
12282
40050
104581
1002918
216371
246343
269213
111470
12892
12907
551523
40279
92444
150284
11709
112227
12888
12814
11630
12538
1147160
11002
11619
12475
300175
271257
146500
11242
11553
11161
41763
12045
28354
39443
146762
47736
72539
77344
32619
10514
298333
12138
232800
112229
222557
208973
74660
619591
12055
108098
194397
293644
302070
28351
291590
10817
85752
12196
84589
157899
207697
11269
44560
47903
996311
37131
53182
238854
172667
290030
328671
11660
687340
270473
322855
59506
55511
320837
320841
320845
320849
11089
156690
35289
33756
118140
70793
10512
28285
10522
272751
90410
204440
38142
268747
12353
11636
64287
137475
292627
302069
304222
312008
101570
649604
10832
82676
157018
222474
10335
12345
47001
300740
255587
185639
204270
279539
1476909
55510
205908
306323
223287
320832
320836
130310
10533
64294
255238
267285
223328
268748
290028
10726
12145
112228
195062
295090
303300
404196
307677
43141
223262
42004
103722
188333
12040
11795
44561
53181
302100
209854
11228
240865
230158
1411991
31754
145856
289366
180526
292029
320834
215167
320842
320846
320850
10515
10519
28347
243550
280701
202566
268746
111970
11292
12239
130308
235201
301865
307240
674983
310539
62079
10366
44562
111418
222450
10255
12238
47000
60714
93465
10298
33748
52280
279538
310103
10245
53988
196400
289367
211866
320831
320835
320839
320843
320847
11033
12274
320840
320844
320848
12264
191547
12262
12208
12280
11083
12092
12209
11034
12167
12161
35287
42631
41459
40666
12228
33763
12139
12465
113553
11085
119910
40640
11047
29271
64300
173976
172314
46917
47416
1511919
310750
332032
12458
11082
12461
33747
125788
138950
204711
138951
12261
11099
12131
11976
221036
138949
12227
31722
43240
56879
51354
31742
12198
195054
94290
101688
310907
12215
76875
12263
12232
12199
161675
64312
187978
69576
318558
12524
10407
11103
1868658
1313215
138948
10620
10600
28300
305674
54290
12273
12205
12154
12211
11036
11053
11072
11029
185793
354090
147711
12162
12466
12202
217686
11138
31741
75746
39113
64285
12558
12222
59749
11128
157837
78540
192452
12472
43130
328670
321023
71030
333769
11021
139270
28344
85708
278069
333767
10616
329855
358764
312349
12216
12260
12777
11120
12104
11027
11041
12506
85106
31744
196398
11084
12197
11086
12844
12064
12203
70796
79917
64280
104263
12118
101764
172148
59301
64141
1002921
187977
12230
115991
11212
324900
11079
11908
121791
221262
10561
10621
56144
329639
320432
77698
12313
10632
240557
10589
179241
334856
674980
11723
333760
333764
337052
122928
326574
324685
326489
67754
93838
332054
62059
347962
64003
279383
36427
335103
235994
70823
1001533
337825
310749
306276
348296
339965
309390
359961
367061
28288
347325
347329
511969
1038068
128710
349564
320122
329886
10565
11096
100755
1671798
12305
11676
926844
12618
247269
10617
191463
227859
333759
333763
337043
12142
296210
307111
325113
307110
11070
335341
213034
313629
46473
674971
311229
12336
355246
340921
337824
32612
38525
340907
331627
137556
365523
352882
366686
347324
347328
12317
10834
28311
12178
12194
162145
11987
337042
333765
291270
211044
54289
325111
337828
223323
181082
315953
322067
348137
158372
352248
331975
46771
152219
344022
362692
341721
333348
260479
329290
246280
343516
347326
55097
489828
55096
363716
39803
299200
333920
334203
32624
31604
12183
333762
333923
329288
201862
1513204
337826
12169
11069
488241
316983
306025
344021
329641
146269
210827
11080
173082
273133
337823
10398
362693
316106
329254
329289
341167
85454
356862
345922
347327
373126
489829
322053
331642
374005
77813
334778
161494
10484
216614
380669
367850
367301
390978
936060
373406
373410
373414
371401
204507
292477
379892
89471
379728
113370
400567
365048
401040
403897
315392
405554
367682
377462
10568
303317
399781
360398
10752
389469
413066
408719
326036
265522
418443
261726
423476
694006
363555
11884
362399
349370
338903
1159906
347219
233894
338323
348449
373407
373411
373415
393034
328430
12024
341711
163325
1246677
377609
83129
213769
297249
12210
328615
407837
323118
377463
59376
384360
410826
369257
44026
398839
368736
326037
10455
283876
392761
165432
341053
128708
349563
31508
370623
578107
1285600
43763
338781
345201
373403
373405
373409
373413
389214
392174
395349
1307957
360397
77811
377610
399314
345250
400835
361731
1397670
392505
400122
377461
411248
407392
390844
388038
243563
263531
322019
185954
417288
359812
33760
187764
364745
342564
915425
373404
373408
373412
85655
1006061
160844
28871
382359
369584
1307956
382685
213775
335187
379329
45406
373862
400121
340435
326941
387905
387909
416419
64283
399185
1307954
1233675
394036
52996
59563
294365
694007
425279
687379
262071
431893
12165
10986
432587
11970
435486
1124577
37127
57482
440266
439491
390440
447909
447597
447605
447325
152177
390437
693999
400396
458639
445517
466051
403905
40523
330399
40271
260121
70566
380598
386792
309181
167129
475777
451705
462590
346882
139871
436243
425303
180230
260797
431892
420255
434309
435488
359919
53369
376758
245685
390441
409287
447598
447602
447606
425386
71186
53179
11060
45661
439014
329164
404404
466052
439809
330396
470865
42182
12509
463392
427315
442493
386793
455649
189830
480808
293178
379501
346883
180903
489830
459290
463676
675077
479058
486898
346884
435646
42764
208899
457382
481311
436242
144752
96491
438782
351495
496807
467481
503388
507476
489779
570832
491003
694015
46919
235434
515444
45220
419435
370833
64303
417280
694008
360579
425009
423445
431894
406340
326811
43140
335204
445227
438482
470314
390439
390443
12348
447600
447604
417192
446807
390436
368735
396034
400394
439016
445516
460364
388452
40522
330398
33746
260120
300186
11834
46021
452475
33765
469660
436066
437329
437444
414970
436447
70822
393598
300411
390442
440250
447603
446529
158463
338473
454128
373398
439015
445515
28358
384848
448384
330397
33745
356114
397353
471498
471728
360580
284687
461322
520848
474454
487152
338079
420684
55216
452758
536086
483537
540067
532074
543153
470214
546184
186786
547467
936059
551895
39420
441999
192848
493803
478550
501328
337054
425010
459845
365150
507474
424716
142843
267970
1330521
518829
205899
180822
390438
515446
45221
497863
511755
529929
198110
537874
204873
526476
11082
540064
540068
532075
399183
652717
546185
544686
549205
479060
496874
549445
619599
693998
391090
346881
459949
464980
662596
45218
490711
497865
498805
490103
484896
499235
379529
445435
508750
397544
499556
393767
465447
519016
45223
328061
515320
674982
311228
486809
471717
482058
508748
402399
51676
447171
536084
470166
540066
494269
543152
436911
546183
36403
488255
484895
492502
693066
391228
507475
460926
512792
694001
475178
519015
523909
262967
192203
515575
45222
11152
437063
500654
338478
51673
332471
536081
421976
540065
604276
532076
10756
546182
463360
548915
496396
543939
549446
487492
459291
546805
555603
108098
543876
546808
561996
563119
487311
430796
563769
504346
568715
28875
485241
524023
335963
214439
572289
312275
92521
263892
575608
565140
581037
445217
509531
569195
587370
591160
619631
578305
590403
457286
575917
631345
411854
11024
10693
641832
640136
490913
526118
10704
516956
551531
552525
378833
557289
546806
546803
561998
563122
563180
158683
390157
529840
559189
10685
513550
47049
312009
348823
481147
339420
311413
574040
575610
566270
578361
253700
580254
329864
39681
557393
591487
593131
1218490
573993
627087
915427
185218
563121
560178
541865
559878
564886
36343
393599
471285
312273
160843
1513208
340054
270478
573591
505292
1972626
491893
576948
318279
509532
578234
348058
1511882
526413
620894
317027
627480
630199
575918
64320
598494
638313
1513196
641487
643132
490912
644610
576790
644524
551790
99179
546807
446138
561999
563123
563775
208013
444193
520962
542343
138982
208084
312274
305785
572290
509923
183585
591166
505291
55744
367121
582382
229030
538398
255066
592206
575913
598747
614034
565537
622438
915426
632112
64290
634168
274584
307467
642493
185638
520973
644609
576789
164416
642111
648801
431317
651134
372457
595895
656190
659497
579113
642251
642255
915428
590739
283824
267407
485362
1714272
129875
190061
1513269
545259
667119
682382
43761
652718
663282
693627
665033
697192
674082
673837
673835
1330521
655098
710112
252584
713091
745177
64311
635076
573199
197310
638358
137758
647294
538979
646413
50292
538004
586420
10845
572239
1330524
163654
658401
642253
642257
335797
661101
661505
561576
666363
129950
129956
640897
433462
449133
670251
1604874
658904
687917
48544
10334
670252
693894
663554
633135
649188
649688
1330491
402584
642478
651580
656028
390845
642260
642252
642256
104388
645687
664980
479713
659660
114424
130371
392504
52135
642926
666635
675833
43764
574890
666859
693628
682370
693582
674081
673832
150286
663241
655097
36355
129726
1972623
129732
687343
1511883
576791
644007
648017
2003651
2003650
375546
502102
651733
132477
656025
642259
653358
642254
642258
573900
555387
559180
664785
668618
130328
190064
340187
671126
634441
1960253
683179
687918
693629
679536
673375
693892
644563
673839
663557
686439
694581
715223
713092
685506
707757
53954
687376
687384
687349
687346
687347
687371
687380
687369
213633
458132
759701
796352
859650
797418
862909
180399
871700
861044
764348
864596
878260
204269
99585
430710
905055
879630
911574
760732
913600
887825
743035
915486
696472
932662
939923
908127
573615
935473
741733
942037
909331
637730
665032
459770
720569
713089
626962
349681
687386
687366
687358
687375
687370
687372
687374
1218488
759390
761701
747763
762906
763552
862943
186541
746830
871521
872294
727962
723802
681518
713949
878329
645664
556524
873160
912033
212035
760939
67761
930881
912035
880162
946046
75387
687367
687353
687342
687382
687373
687345
754004
688701
665102
915429
697227
433357
864686
565995
746831
871701
861045
329381
671095
12473
487155
889510
885379
907191
666147
693272
512088
709484
519497
929051
912034
880159
929769
908028
908072
931972
941765
942033
931209
909333
430911
327280
687385
687351
687365
687364
687383
687355
687354
421012
758918
761702
667093
762905
160358
862944
870465
871699
871584
861047
746832
687341
884200
312295
10353
905054
879628
666146
762660
707546
887827
305677
743040
880161
700939
936005
908124
938131
743026
942035
909330
190065
932071
977913
712037
532077
979533
981330
995022
764561
881953
996650
866889
444860
444862
445686
925986
867696
190063
1001263
409486
283675
1006583
1002724
753085
714308
1016854
1016852
1027880
1032362
1027253
1041929
1041524
68347
1050407
75888
1054461
699370
1074864
1081702
1084717
908010
908277
714583
168135
942034
931210
943272
932070
909827
11946
38170
943908
988656
991022
995049
279006
764562
910473
977927
910475
445683
444878
445685
997821
998829
629725
1002273
688699
504501
753084
1027232
748667
1016856
1016879
1032457
1034125
565052
912320
889813
1035662
1605972
945962
971271
532078
979535
754441
944580
669008
857312
942165
996651
582345
445700
445696
444861
877240
926543
688540
930168
1003891
759938
504553
1002725
562742
714309
1016855
1016853
288456
1026955
928289
945250
915424
981323
354328
913970
1072177
1074865
1054968
1076255
1081054
1080798
1080800
1093773
940846
932069
945225
431891
979525
141904
81877
548908
260149
864178
910474
767806
59241
444859
445684
445688
925984
999288
999883
112436
858517
12615
1520002
934027
714310
882768
1016857
1027869
1030595
943335
1037523
646442
1043184
1045778
68887
325676
696069
1074213
1074863
68033
1084715
1094892
889338
1094249
883876
906669
1105327
1100814
70177
319522
1115539
1535247
706122
994601
1069378
666144
1195378
1109716
1109714
445693
1131485
1115478
1131315
930275
59305
884612
1159903
985683
1129033
1163537
1156720
1129873
1174526
39637
1114942
1182518
1185359
1112008
1187128
421010
1162295
1051792
64293
1072178
1074210
1074325
983437
1081055
1046403
1087108
71032
1100890
1108810
906668
909297
1111710
1088890
1520004
1120751
1127767
1110702
1109721
1046572
1131702
1109713
444876
875324
1125653
1129146
1105171
1144379
1159195
1196647
1159908
1129034
1125764
631267
1156722
318836
1034096
195060
683172
1080799
331278
1089138
203168
217615
1123754
47985
1128118
1010614
1109711
1046571
1131622
1109717
1109712
445692
1000373
1100790
1136133
1137931
59302
1149871
1154689
1159904
1129032
1162083
881945
1156721
380160
1174530
1133751
649996
590647
1168613
1187894
453050
1129194
1127357
414528
1087109
1093958
1513237
1055684
1108070
1105286
1112770
1109710
47900
50290
1128119
764595
700512
1124849
1046573
944994
1109715
444875
1131483
1129145
756275
1004049
1115696
48543
938276
1159907
1159902
1129035
1160968
1156719
1163715
990303
1123958
189515
940834
1181310
1141526
84739
1183239
1193422
1161927
1162304
1173297
290090
1070410
1033976
1048668
1162306
1200971
992212
405558
1132026
1161930
1176422
1197953
1214230
223769
685899
1221206
128818
35306
1206566
1302849
1198147
359987
1431464
1227357
1141133
1204526
1604355
1229787
1229791
1235559
204478
264076
1220025
1213187
1247113
1246650
1141136
1176153
1177630
1141525
233784
1175504
861561
1114179
1161901
1191100
1070408
1070417
706526
765765
1203539
558690
1118063
1161903
1168479
1197951
1195163
1216472
1307958
1168280
1223561
11582
1223302
1196236
1225644
1231903
1231298
1236047
1211388
1126950
1204524
1225800
1229784
1229789
1229793
1070413
706525
1173135
1194641
46619
1202142
1511784
1133022
1168478
1176423
1204517
1214955
1136535
857288
1221437
159141
1221449
1072672
1302850
1225643
1231334
1167696
1234171
1234809
1177632
1204539
1229782
1229788
1229792
1237159
1229752
57477
1241933
1315259
1247114
1247115
10732
1141137
1141141
1211640
1211644
1183241
1070409
1918014
706527
1162305
1200970
157270
1046402
1168548
1161906
1168549
1197952
1217821
1221208
1218727
1223562
159150
307461
1104917
1196237
213888
1141625
1227356
1136731
1204525
1604356
1229786
1229790
1229794
1150869
1238162
1241371
1243178
1048434
1213406
1141135
1141139
1204535
1141140
1204537
1211643
1244856
1133292
749447
942016
1124655
881915
947980
1052121
1127516
1136534
1150989
317878
1054480
1108865
1168612
1249649
1255765
1147140
1217810
1161935
749413
1147143
1147147
1147151
1147155
1216926
432200
154122
1335626
1236399
1236407
1206559
1225794
925983
1206313
947843
101850
1273090
1237364
1234888
1176156
166056
1188812
683174
1247116
1141134
1141138
1204534
1211641
1239381
12204
87097
1158680
760530
1079999
508419
936152
1042122
1127514
1128071
1141519
1161931
1051675
1073767
1150990
1204543
1250303
28274
1198013
941969
1260769
1227354
1147145
1147149
1147153
1147157
1229755
1235640
1234701
1236402
1072517
1245909
1133293
757342
1079998
37105
926589
947981
1124578
1127518
1141132
1150991
1051673
1054834
1137745
1190451
1249676
185637
1150992
1221835
1163482
1261657
1147144
1147148
1147152
1147156
1229754
432201
1236391
1236401
1236767
1231048
1235689
1029988
1204178
1208236
981335
1249467
1273092
1276187
1123964
1091052
1211642
1239384
1239382
10689
483266
929814
1124654
767473
941058
1042123
1127515
1131317
1147094
317858
1051676
1090133
1154995
1249648
1254425
673376
1204516
941970
1407058
1147142
1147146
1147150
1147154
1147158
432198
1239383
1286216
1236398
1236403
1195073
685892
1147044
1206300
874267
984186
1273087
1276184
208086
1276185
91613
1264737
1235429
1223260
1188795
1162280
419697
869724
1131316
1235430
1256869
318844
1245814
1167690
715480
1206558
1147137
1236573
1147043
1204528
763998
984175
86502
1276181
111167
1129147
1262513
1116482
1223262
1087482
676234
585059
1511885
249583
38767
1168744
1262522
1264700
1087068
1206110
1223261
1236000
979726
994672
1147042
211977
38766
1262516
1195072
1213588
1204538
980964
1229753
1235428
1223259
1168281
1235427
11272
290008
1235660
1198014
257463
243560
1330520
1198144
1235824
1007869
10942
1195086
204928
328668
1150861
1195796
1195068
1195085
994994
1233488
1229751
11224
1227355
649890
1235659
1225790
666962
1262514
1302848
11764
685443
237020
940280
909210
166122
297254
1007127
1241957
753670
1455654
1262539
904698
1027247
1105378
1188792
948870
1048207
1112202
1455651
172851
1455653
1027245
1093928
1105381
1105379
1071177
1455652
1079894
990304
1168563
1027248
1105380
1228012
78219
937835
1086751
1079895
1084719
1086749
1080237
1074305
1071503
1168594
701456
45764
1089132
1089122
1089111
1089116
1088866
1224510
1229324
1234872
1234887
1234881
1027244
332937
913183
1086800
1084722
1074304
1074303
1056833
1056831
1051140
1089137
691963
691965
1089135
1089128
1089120
1089119
1088865
1225069
1234874
1234884
1234880
1074309
1076136
1071504
1070990
1052671
1051138
1052673
1168595
1089136
1089117
1089108
1089118
928293
766791
1985374
1229325
1234878
1234886
1234882
1074308
1074307
1071506
1071505
1056830
691966
926067
691964
1162290
1089121
1089115
1089110
1089109
743685
1219896
1226723
1234883
1234879
1262519
1262517
740933
1453082
932073
1262521
1262523
1262518
717641
1453081
1216928
1262520
1176736
40060
1034377
1262515
1453083
538123
1072176
198833
249584
1221391
928214
740710
936308
1379788
1261101
1204252
764599
351427
1204523
1204522
459957
1046251
1112631
1195087
1972567
928212
798074
623144
698672
1261100
936149
642022
318852
1204521
1204515
722755
1453080
1036963
1126411
381543
219584
1161132
928211
798073
622416
237716
1229186
1972568
580247
1972569
711470
318834
207246
1117633
746543
537009
120499
798072
318835
1204540
994388
1105383
1286215
1105386
888441
1161939
1105385
1236395
1286213
10864
11269
1074044
413996
1074919
1074919
1074919
1074919
1074919
1125847
1091494
63186
1346287
1647924
687387
1447259
1076759
741942
10713
1311
1311
1273128
1091556
1197935
1229757
1204529
1204531
1097753
1206560
1225789
1090134
120168
587620
1313
1313
1986029
396359
977801
1051631
1126885
755164
866553
438780
631719
698487
722418
694060
663560
698486
722417
66711
669875
745088
72407
520
641809
1134579
994995
1311
1311
562
1381080
68416
1606503
1548718
1315262
797075
1606504
1604875
1606502
1070324
997078
1606501
223286
31612
35302
1300035
1032474
50713
1032473
368620
100217
984915
691318
936054
663553
701257
387910
29252
665884
387908
287412
998086
665883
39804
1211280
1229760
1034149
103216
1035485
1587907
10848
1165134
1034143
1246849
1035482
1089127
1034128
1311
1129191
481315
504347
1470434
674996
340017
122929
262897
1077832
64318
60456
248062
64296
1307801
1125677
667516
570949
405947
570950
1311
1311
1311
676044
46916
1239565
683735
876449
38837
1349436
64307
486494
64297
40012
64309
64284
64310
64295
35279
1248396
1048854
1050903
1317123
1311
1195365
11318
990280
1181293
1000585
1311
1313
1313
1311
573
573
1033731
1279030
