284
GCF_000001985.1,441960,10134.00,34580.00,3.41
GCF_000002495.2,242507,13053.00,46666.00,3.58
GCF_000002515.2,28985,5335.00,10719.00,2.01
GCF_000002525.2,4952,7139.00,15565.00,2.18
GCF_000002545.3,284593,5458.00,10915.00,2.00
GCF_000002655.1,330879,9859.00,28777.00,2.92
GCF_000002715.2,344612,9356.00,28518.00,3.05
GCF_000002855.3,5061,10828.00,42480.00,3.92
GCF_000002945.1,4896,6941.00,13696.00,1.97
GCF_000003125.1,441959,12561.00,44798.00,3.57
GCF_000003515.1,336963,7856.00,28990.00,3.69
GCF_000003835.1,306902,6148.00,11946.00,1.94
GCF_000003855.2,559298,9741.00,36004.00,3.70
GCF_000004155.1,653667,5493.00,13630.00,2.48
GCF_000006275.2,332952,13485.00,38175.00,2.83
GCF_000006335.3,294747,6440.00,9857.00,1.53
GCF_000006445.2,4959,6493.00,13352.00,2.06
GCF_000026365.1,4956,5323.00,10704.00,2.01
GCF_000026945.1,573826,5971.00,6787.00,1.14
GCF_000027005.1,644223,5040.00,7478.00,1.48
GCF_000091025.4,284811,5353.00,10761.00,2.01
GCF_000091045.1,214684,6766.00,49480.00,7.31
GCF_000091225.1,284813,2029.00,4032.00,1.99
GCF_000142805.1,559295,5384.00,10945.00,2.03
GCF_000143105.1,655863,8312.00,27666.00,3.33
GCF_000143185.1,578458,13190.00,88261.00,6.69
GCF_000143365.1,306901,11230.00,45301.00,4.03
GCF_000143535.2,332648,11698.00,55473.00,4.74
GCF_000143565.1,486041,18215.00,117130.00,6.43
GCF_000145635.1,644352,14669.00,51972.00,3.54
GCF_000146045.2,559292,6427.00,10733.00,1.67
GCF_000146465.1,876142,2010.00,3174.00,1.58
GCF_000146915.1,321614,16087.00,41605.00,2.59
GCF_000146945.2,665079,14710.00,54918.00,3.73
GCF_000149035.1,645133,12399.00,41222.00,3.32
GCF_000149205.2,227321,9586.00,44564.00,4.65
GCF_000149245.1,235443,8334.00,60257.00,7.23
GCF_000149335.2,246410,9901.00,38712.00,3.91
GCF_000149385.1,283643,6609.00,48835.00,7.39
GCF_000149425.1,294746,6056.00,11783.00,1.95
GCF_000149555.1,117187,16286.00,77550.00,4.76
GCF_000149585.1,339724,9390.00,39417.00,4.20
GCF_000149615.1,341663,10548.00,38406.00,3.64
GCF_000149645.1,331117,10652.00,31592.00,2.97
GCF_000149685.1,379508,5907.00,9037.00,1.53
GCF_000149845.2,402676,5215.00,12631.00,2.42
GCF_000149925.1,418459,16236.00,88508.00,5.45
GCF_000149955.1,426428,21345.00,101166.00,4.74
GCF_000149985.1,426418,12275.00,38043.00,3.10
GCF_000150035.1,436907,5729.00,11523.00,2.01
GCF_000150505.1,483514,5347.00,12942.00,2.42
GCF_000150675.1,498257,10809.00,37481.00,3.47
GCF_000150705.2,502779,8950.00,33608.00,3.76
GCF_000150735.1,502780,8390.00,33608.00,4.01
GCF_000150825.1,526221,10483.00,33143.00,3.16
GCF_000150975.2,535722,9029.00,34282.00,3.80
GCF_000151125.1,663331,8015.00,26218.00,3.27
GCF_000151145.1,554155,8846.00,31718.00,3.59
GCF_000151335.2,222929,7253.00,23756.00,3.28
GCF_000151355.1,660122,15708.00,63921.00,4.07
GCF_000151425.1,559305,8802.00,33266.00,3.78
GCF_000151505.1,663202,8069.00,26291.00,3.26
GCF_000151645.1,656061,7496.00,36517.00,4.87
GCF_000167675.1,431241,9113.00,35927.00,3.94
GCF_000170995.1,413071,12405.00,48091.00,3.88
GCF_000171015.1,452589,11809.00,44267.00,3.75
GCF_000181695.1,425265,4286.00,10663.00,2.49
GCF_000182565.1,645134,9164.00,64812.00,7.07
GCF_000182805.2,771870,10358.00,36189.00,3.49
GCF_000182895.1,240176,13645.00,87086.00,6.38
GCF_000182925.2,367110,10572.00,39197.00,3.71
GCF_000182965.3,237561,6245.00,11575.00,1.85
GCF_000184455.2,5062,12344.00,35984.00,2.92
GCF_000185945.1,367775,6561.00,42562.00,6.49
GCF_000187245.1,871575,5408.00,8513.00,1.57
GCF_000187405.1,655827,9969.00,31395.00,3.15
GCF_000187425.2,655844,11688.00,35697.00,3.05
GCF_000192795.1,948595,2825.00,5482.00,1.94
GCF_000203795.1,684364,8700.00,46023.00,5.29
GCF_000204055.1,747676,16372.00,95976.00,5.86
GCF_000209165.1,322104,5819.00,11714.00,2.01
GCF_000213175.1,510951,10380.00,38156.00,3.68
GCF_000218685.1,578457,12920.00,85329.00,6.60
GCF_000219625.1,336722,10963.00,38572.00,3.52
GCF_000221225.1,759272,7406.00,21742.00,2.94
GCF_000223465.1,590646,5547.00,11806.00,2.13
GCF_000223485.1,619300,5983.00,12554.00,2.10
GCF_000225545.1,756982,11479.00,36375.00,3.17
GCF_000225605.1,983644,9651.00,33137.00,3.43
GCF_000226095.1,573729,9289.00,34322.00,3.69
GCF_000226115.1,578455,9954.00,37332.00,3.75
GCF_000226395.1,500485,13055.00,81386.00,6.23
GCF_000226545.1,515849,10518.00,34807.00,3.31
GCF_000227115.2,1071378,5814.00,11751.00,2.02
GCF_000230375.1,985895,12469.00,44169.00,3.54
GCF_000230625.1,858893,9355.00,29620.00,3.17
GCF_000231115.1,993615,2293.00,4428.00,1.93
GCF_000235365.1,931890,4849.00,9704.00,2.00
GCF_000236905.1,1071381,5462.00,10930.00,2.00
GCF_000237345.1,1064592,5867.00,11998.00,2.04
GCF_000240135.3,229533,13715.00,50838.00,3.71
GCF_000243375.1,4950,5174.00,10424.00,2.01
GCF_000250985.1,881290,2724.00,5234.00,1.92
GCF_000263375.1,671144,5393.00,25535.00,4.73
GCF_000264905.1,721885,14405.00,104347.00,7.24
GCF_000264995.1,741275,11645.00,81792.00,7.02
GCF_000271585.1,717944,14570.00,96032.00,6.59
GCF_000271605.1,694068,11419.00,78490.00,6.87
GCF_000271625.1,741705,13895.00,95856.00,6.90
GCF_000271645.1,578456,8308.00,56058.00,6.75
GCF_000275845.1,732165,12501.00,82616.00,6.61
GCF_000277815.2,907965,1912.00,3128.00,1.64
GCF_000280035.1,1178016,1882.00,2926.00,1.55
GCF_000280675.1,655819,10364.00,32976.00,3.18
GCF_000281105.1,1168221,9363.00,34886.00,3.73
GCF_000293215.1,1186058,8834.00,33983.00,3.85
GCF_000298775.1,1072389,10027.00,37740.00,3.76
GCF_000300555.1,597362,11455.00,76145.00,6.65
GCF_000300575.1,936046,10601.00,73659.00,6.95
GCF_000300595.1,650164,14063.00,88612.00,6.30
GCF_000303195.2,1028729,12397.00,47839.00,3.86
GCF_000304475.1,1071382,5646.00,11542.00,2.04
GCF_000313485.1,1041607,6702.00,11071.00,1.65
GCF_000313525.1,599839,9262.00,69367.00,7.49
GCF_000315645.1,1170230,8946.00,29272.00,3.27
GCF_000315875.1,1136231,5760.00,10244.00,1.78
GCF_000315915.1,1071380,5725.00,11684.00,2.04
GCF_000320565.1,692275,10232.00,32782.00,3.20
GCF_000320585.1,747525,13271.00,83727.00,6.31
GCF_000320785.1,1130832,8141.00,54672.00,6.72
GCF_000328475.2,237631,6909.00,15926.00,2.31
GCF_000338955.1,717646,10546.00,32824.00,3.11
GCF_000338995.1,665912,12306.00,44083.00,3.58
GCF_000340215.1,383855,13065.00,60008.00,4.59
GCF_000344685.1,670483,11878.00,81375.00,6.85
GCF_000348985.1,1071383,5486.00,11166.00,2.04
GCF_000349005.2,1069680,3675.00,25395.00,6.91
GCF_000349305.1,1230383,3318.00,9783.00,2.95
GCF_000354255.1,665024,12801.00,46386.00,3.62
GCF_000359705.1,671987,11844.00,42627.00,3.60
GCF_000365145.1,1220924,11152.00,33478.00,3.00
GCF_000365165.1,1279043,10420.00,33088.00,3.18
GCF_000392275.1,1286976,8834.00,25956.00,2.94
GCF_000400465.1,1299270,4990.00,19292.00,3.87
GCF_000403515.1,1305764,7619.00,16975.00,2.23
GCF_000409485.1,1116229,13083.00,48219.00,3.69
GCF_000417875.1,1277687,6877.00,20814.00,3.03
GCF_000439145.1,747089,26242.00,124211.00,4.73
GCF_000464535.1,1263415,9238.00,32213.00,3.49
GCF_000497045.1,1365824,5886.00,13745.00,2.34
GCF_000507465.1,1296122,8550.00,59182.00,6.92
GCF_000512565.1,1296121,8720.00,58928.00,6.76
GCF_000512585.1,1296100,9263.00,62853.00,6.79
GCF_000512605.1,1296096,7930.00,54852.00,6.92
GCF_000516985.1,1229662,15413.00,57031.00,3.70
GCF_000523435.1,930089,12853.00,45136.00,3.51
GCF_000523455.1,930090,12002.00,43265.00,3.60
GCF_000527765.1,930091,12882.00,45719.00,3.55
GCF_000576695.1,1382522,5989.00,13023.00,2.17
GCF_000585515.1,1182544,10118.00,31053.00,3.07
GCF_000585535.1,1182543,13421.00,43799.00,3.26
GCF_000585565.1,1182542,10469.00,33402.00,3.19
GCF_000585585.1,1182541,9231.00,28529.00,3.09
GCF_000708205.1,764103,6858.00,37890.00,5.52
GCF_000709125.1,1182545,13118.00,41103.00,3.13
GCF_000711695.1,1037660,6871.00,28142.00,4.10
GCF_000721755.1,1043005,10792.00,37459.00,3.47
GCF_000721765.1,1043004,10259.00,34376.00,3.35
GCF_000732125.1,563466,8375.00,37069.00,4.43
GCF_000747765.1,84753,6887.00,15209.00,2.21
GCF_000760515.1,1485682,3330.00,10191.00,3.06
GCF_000769745.1,27334,11060.00,40419.00,3.65
GCF_000803265.1,1354746,1879.00,3089.00,1.64
GCF_000814965.1,1276141,10689.00,32280.00,3.02
GCF_000835455.1,1442368,12568.00,42856.00,3.41
GCF_000835475.1,1442370,12813.00,42934.00,3.35
GCF_000835495.1,569365,12875.00,48410.00,3.76
GCF_000835505.1,348802,12072.00,45440.00,3.76
GCF_000835515.1,215243,11937.00,45239.00,3.79
GCF_000835555.1,1442369,11415.00,38443.00,3.37
GCF_000836115.1,91928,12107.00,40448.00,3.34
GCF_000836275.1,212818,9232.00,34624.00,3.75
GCF_000836295.1,253628,9866.00,40341.00,4.09
GCF_000836435.1,1442371,12404.00,41864.00,3.38
GCF_000938715.1,1245769,5260.00,10909.00,2.07
GCF_000961545.1,1397361,10434.00,26367.00,2.53
GCF_000968595.1,1408163,9843.00,41153.00,4.18
GCF_000988165.1,40302,3246.00,5428.00,1.67
GCF_001027345.1,879819,8599.00,38149.00,4.44
GCF_001189475.1,498019,8293.00,15456.00,1.86
GCF_001204775.1,1509407,11904.00,46705.00,3.92
GCF_001278385.1,77020,4202.00,11622.00,2.77
GCF_001298625.1,1080349,5685.00,11663.00,2.05
GCF_001299255.1,1664694,11848.00,34396.00,2.90
GCF_001329695.1,578459,7426.00,52755.00,7.10
GCF_001417885.1,1003335,5151.00,7493.00,1.45
GCF_001447935.1,58627,6027.00,11379.00,1.89
GCF_001477535.1,1408657,3811.00,25214.00,6.62
GCF_001477545.1,1408658,3695.00,25144.00,6.80
GCF_001481775.2,398673,11171.00,39958.00,3.58
GCF_001500285.1,149040,18649.00,72039.00,3.86
GCF_001548555.1,45286,4970.00,10250.00,2.06
GCF_001619985.1,1328760,8346.00,34182.00,4.10
GCF_001636725.1,1081104,10061.00,30631.00,3.04
GCF_001638985.1,763407,16850.00,90727.00,5.38
GCF_001640025.1,796027,5341.00,9239.00,1.73
GCF_001641265.1,655981,9620.00,34097.00,3.54
GCF_001642045.1,1460663,14838.00,51471.00,3.47
GCF_001642055.1,5599,13572.00,45930.00,3.38
GCF_001642475.1,254056,12021.00,42300.00,3.52
GCF_001646965.1,856822,11717.00,40846.00,3.49
GCF_001651985.1,1367422,12120.00,41176.00,3.40
GCF_001653235.2,1380566,14317.00,40373.00,2.82
GCF_001653265.1,33203,11849.00,34105.00,2.88
GCF_001661235.1,763406,5701.00,12627.00,2.21
GCF_001661255.1,683960,6575.00,15716.00,2.39
GCF_001661265.1,698492,7211.00,21439.00,2.97
GCF_001661335.1,984486,6791.00,15115.00,2.23
GCF_001661345.1,1344418,6961.00,14964.00,2.15
GCF_001661395.1,984485,6166.00,12284.00,1.99
GCF_001661405.1,983966,6184.00,13142.00,2.13
GCF_001661415.1,984487,6141.00,12060.00,1.96
GCF_001662655.1,342668,10715.00,40770.00,3.80
GCF_001664035.1,869754,6086.00,12588.00,2.07
GCF_001664045.1,460523,5251.00,11383.00,2.17
GCF_001672515.1,759273,14650.00,47670.00,3.25
GCF_001720155.1,1295528,8314.00,50390.00,6.06
GCF_001720205.1,1295533,8497.00,66900.00,7.87
GCF_001773325.1,1835702,12200.00,50609.00,4.15
GCF_001792695.1,109264,12263.00,46697.00,3.81
GCF_001831195.1,1209926,14453.00,49051.00,3.39
GCF_001883845.1,236234,10839.00,37117.00,3.42
GCF_001890105.1,1073090,10024.00,41994.00,4.19
GCF_001890805.1,1160497,11426.00,45788.00,4.01
GCF_001890905.1,690307,11164.00,46415.00,4.16
GCF_001907595.1,1441469,9523.00,40828.00,4.29
GCF_001983325.1,4909,5385.00,9137.00,1.70
GCF_002102565.1,4999,7424.00,51106.00,6.88
GCF_002105155.1,64571,11983.00,53860.00,4.49
GCF_002117355.1,670580,12700.00,90773.00,7.15
GCF_002237265.1,41047,9702.00,41074.00,4.23
GCF_002251995.1,45607,4740.00,6907.00,1.46
GCF_002708625.1,1340429,10959.00,52918.00,4.83
GCF_002742065.1,122368,12271.00,36649.00,2.99
GCF_002847045.1,41067,9802.00,36780.00,3.75
GCF_002847465.1,1392255,11714.00,45068.00,3.85
GCF_002847485.1,1392248,9919.00,38205.00,3.85
GCF_002849105.1,1392250,13413.00,51108.00,3.81
GCF_002926055.1,45357,5406.00,11484.00,2.12
GCF_002926085.1,1231522,5327.00,11866.00,2.23
GCF_003013735.1,418784,5284.00,11002.00,2.08
GCF_003019875.1,857342,9642.00,37999.00,3.94
GCF_003025095.1,983964,14269.00,52129.00,3.65
GCF_003025105.1,1042311,12775.00,46370.00,3.63
GCF_003025115.1,58853,9929.00,38102.00,3.84
GCF_003144115.1,58919,7053.00,37432.00,5.31
GCF_003144135.1,1684307,6726.00,22938.00,3.41
GCF_003144195.1,1522189,7860.00,36858.00,4.69
GCF_003144205.1,1280837,7492.00,18124.00,2.42
GCF_003144245.1,1569628,6902.00,22325.00,3.23
GCF_003144295.1,215250,8071.00,30810.00,3.82
GCF_003184525.1,1450535,12648.00,48769.00,3.86
GCF_003184535.1,1448314,12203.00,47052.00,3.86
GCF_003184545.1,1448321,11435.00,43340.00,3.79
GCF_003184585.1,1450539,10378.00,39552.00,3.81
GCF_003184595.1,1450533,13354.00,55807.00,4.18
GCF_003184625.1,1448310,12219.00,47528.00,3.89
GCF_003184695.1,1450534,12389.00,47065.00,3.80
GCF_003184745.1,1448315,12343.00,46771.00,3.79
GCF_003184755.1,1448313,12355.00,47171.00,3.82
GCF_003184765.1,1448322,12351.00,47129.00,3.82
GCF_003184785.1,1448312,12339.00,47007.00,3.81
GCF_003184835.1,1448317,12233.00,47933.00,3.92
GCF_003184845.1,1448316,11984.00,46094.00,3.85
GCF_003184865.1,1450537,11662.00,44973.00,3.86
GCF_003184925.1,1448311,12397.00,47555.00,3.84
GCF_003290485.1,76775,4544.00,8460.00,1.86
GCF_003327735.1,5486,10840.00,18216.00,1.68
GCF_003344945.1,1341132,13952.00,52678.00,3.78
GCF_003369625.1,1810919,11603.00,45136.00,3.89
GCF_003851025.1,139825,13339.00,85429.00,6.40
GCF_900007375.1,56646,14830.00,54279.00,3.66
GCF_900074925.1,112498,11544.00,59977.00,5.20
GCF_900079805.1,1279085,14943.00,86829.00,5.81
