	refseq	taxid	total_length	scaffold_count	scaffold_N50	contig_count	contig_N50
6	GCF_000001985.1	441960	28643865	452	3339384	589	541514
21	GCF_000002495.2	242507	40979121	53	6606598	216	823590
27	GCF_000002715.2	344612	27859441	143	2493640	231	749511
33	GCF_000002855.3	5061	34006671	20	2525243	470	114002
41	GCF_000003125.1	441959	35685443	820	4363329	960	897397
46	GCF_000003515.1	336963	22349738	45	5232914	583	80843
52	GCF_000003835.1	306902	12114892	9	1874050	88	266609
53	GCF_000003855.2	559298	75404732	103	2435518	1794	126005
59	GCF_000004155.1	653667	11554764	30	1386795	198	290103
82	GCF_000006255.1	561896	90891856	1242	322842	10568	19255
83	GCF_000006275.2	332952	36892344	331	2388123	958	103582
85	GCF_000006335.2	294747	14630139	24	1654078	128	221103
1189	GCF_000143105.1	655863	29794006	289	1996734	334	1213309
1192	GCF_000143185.1	578458	38482026	36	2548518	352	362437
1195	GCF_000143365.1	306901	34886939	37	4721439	1245	50760
1200	GCF_000143535.1	332648	42743820	589	257700	4537	16413
1201	GCF_000143565.1	486041	64877444	665	784691	4401	71011
1299	GCF_000145635.1	644352	43768664	517	6703616	1860	48633
1339	GCF_000146915.1	321614	37213987	108	1045363	494	178897
1340	GCF_000146945.1	665079	38532806	39	1625527	682	122550
1426	GCF_000149035.1	645133	51644307	654	579194	1152	228959
1433	GCF_000149205.1	227321	30242742	90	2478513	248	282268
1435	GCF_000149335.2	246410	29016019	7	4323945	11	4311478
1438	GCF_000149425.1	294746	10609954	9	1701016	71	313225
1440	GCF_000149555.1	117187	41844914	37	1959799	211	392397
1441	GCF_000149585.1	339724	33030326	280	2885091	2873	27346
1442	GCF_000149615.1	341663	29364022	27	1912493	268	224147
1443	GCF_000149645.1	331117	31770017	438	2929192	529	1240190
1444	GCF_000149685.1	379508	15547272	28	2011058	145	261145
1446	GCF_000149845.2	402676	11733154	32	3866997	87	1768158
1447	GCF_000149925.1	418459	88724376	393	964966	4563	39493
1448	GCF_000149955.1	426428	61386934	114	1976106	1362	95416
1449	GCF_000149985.1	426418	37997465	48	1986450	705	116219
1450	GCF_000150035.1	436907	14674591	281	126622	411	60946
1452	GCF_000150505.1	483514	11634473	5	3863862	18	1777203
1453	GCF_000150675.1	498257	33900324	55	1273651	1565	43302
1454	GCF_000150705.2	502779	32925248	110	1028461	672	113453
1455	GCF_000150735.1	502780	29952540	57	2149514	556	123837
1456	GCF_000150825.1	526221	32862988	27	2315232	4148	14882
1458	GCF_000150975.2	535722	23272942	19	3227799	319	146432
1462	GCF_000151145.1	554155	23263091	17	2919762	310	135853
1468	GCF_000151335.1	222929	27013412	55	2376830	55	2376830
1469	GCF_000151355.1	660122	51286497	209	1255602	233	1255602
1470	GCF_000151425.1	559305	22530013	36	2156965	624	83988
1471	GCF_000151505.1	663202	22540967	523	75556	612	69368
1474	GCF_000151645.1	656061	124945702	398	638970	4440	63046
2109	GCF_000166005.1	861557	33583335	6412	35625	6684	30037
2163	GCF_000167675.1	431241	33395713	77	1219543	128	797352
2762	GCF_000182565.1	645134	24131112	38	1465700	329	155888
2775	GCF_000182925.2	367110	41102378	21	6000761	412	656009
2819	GCF_000184105.1	658429	30684937	1847	105158	3579	22787
2932	GCF_000187405.1	655827	39422329	241	329480	1608	54747
3139	GCF_000192795.1	948595	6118689	379	94471	501	54534
3325	GCF_000203795.1	684364	24315081	127	1484462	510	318114
3338	GCF_000204055.1	747676	101129028	462	1146214	3254	112314
3418	GCF_000209485.1	481877	3860738	1733	1983	1743	1977
3504	GCF_000213175.1	510951	39146333	81	5681182	551	134915
3722	GCF_000218685.1	578457	42797233	46	2944186	434	227983
3813	GCF_000221225.1	759272	28322806	21	2849635	112	513648
3889	GCF_000223465.1	590646	10747050	25	1222892	74	382504
3890	GCF_000223485.1	619300	13182099	8	2071440	26	1645821
3950	GCF_000225545.1	756982	40072829	215	2037373	323	575766
3952	GCF_000225605.1	983644	32268578	32	4551492	597	108187
4149	GCF_000230625.1	858893	26376767	11	3623950	239	259861
4170	GCF_000231115.1	993615	3213516	220	114968	314	50887
4529	GCF_000240135.3	229533	36458046	31	5350016	433	184591
4988	GCF_000250985.1	881290	4071346	65	649559	126	126036
5462	GCF_000263375.1	671144	9815586	56	337420	106	255921
5525	GCF_000264905.1	721885	46511623	159	1799000	669	245271
5527	GCF_000264995.1	741275	34171901	195	2122796	856	125337
5528	GCF_000265015.1	717982	74920202	1531	491394	4688	36015
5824	GCF_000271585.1	717944	44794008	283	2877891	977	204373
5825	GCF_000271605.1	694068	63354419	1412	4291492	3952	37766
5826	GCF_000271625.1	741705	42968544	210	2400794	692	216344
5827	GCF_000271645.1	578456	28639919	45	1622698	484	123767
5994	GCF_000275845.1	732165	42748430	542	635635	1865	69813
6202	GCF_000280675.1	655819	33697794	237	729568	1229	84720
6215	GCF_000281105.1	1168221	28645321	169	476883	241	339767
6728	GCF_000293215.1	1186058	24540311	78	1660894	342	151096
6964	GCF_000298775.1	1072389	51949877	89	1599552	2415	39371
7030	GCF_000300555.1	597362	32614392	2016	1225131	2526	162697
7031	GCF_000300575.1	936046	30233745	29	2334609	254	262535
7032	GCF_000300595.1	650164	46293325	1137	3534421	2612	61154
7149	GCF_000303195.2	1028729	36973259	281	8840934	685	186303
7601	GCF_000313525.1	599839	28378039	861	81414	1823	38898
7683	GCF_000315645.1	1170230	26053171	53	1533507	561	89300
7852	GCF_000319635.1	1213859	55607143	1241	112809	5335	27451
7891	GCF_000320565.1	692275	29352103	72	2040975	458	167873
7892	GCF_000320585.1	747525	33649967	15	2572835	18	2301032
7893	GCF_000320785.1	1130832	20223942	94	574942	304	163970
8220	GCF_000328475.2	237631	19664356	27	884984	254	129796
8644	GCF_000338955.1	717646	21875620	19	1299806	36	1222139
8645	GCF_000338995.1	665912	34409167	154	1789485	504	243393
8705	GCF_000340215.1	383855	74141167	56	5901819	778	210716
8888	GCF_000344685.1	670483	37178225	442	1857171	1454	58165
9073	GCF_000349305.1	1230383	7669689	65	513493	88	377774
9075	GCF_000349385.1	1287681	54005819	2334	68281	3322	51799
9275	GCF_000354255.1	665024	32929167	207	964089	903	83684
9539	GCF_000359705.1	671987	43013545	407	2140908	2126	50185
9797	GCF_000365145.1	1220924	28781303	19	2379673	106	585176
9798	GCF_000365165.1	1279043	28991111	19	3197266	102	547136
10657	GCF_000385595.1	1287680	42592847	1297	83561	1877	73132
10938	GCF_000392275.1	1286976	47465449	624	334554	1278	183224
11254	GCF_000400465.1	1299270	9655632	82	436658	101	346931
11322	GCF_000403515.1	1305764	18442938	74	445580	160	203610
11509	GCF_000409485.1	1116229	39509734	22	2105285	239	327677
11848	GCF_000417875.1	1277687	23305380	39	919919	1104	41602
12571	GCF_000441935.1	1284197	39531920	1279	190205	1343	175558
13542	GCF_000464535.1	1263415	37130611	908	178225	1731	66439
14799	GCF_000497045.1	1365824	17325407	45	720612	132	285764
15488	GCF_000516985.1	1229662	51910726	39	4007484	518	194414
15766	GCF_000523435.1	930089	31267936	844	110153	882	105171
15767	GCF_000523455.1	930090	31362097	619	134117	671	131724
15952	GCF_000527765.1	930091	32829575	676	231353	714	205070
24156	GCF_000708205.1	764103	13634488	156	1194905	208	426173
24733	GCF_000721755.1	1043005	25796716	75	821214	85	805545
24734	GCF_000721765.1	1043004	25428601	47	1074982	55	1053184
25749	GCF_000747765.1	84753	18111965	197	701213	276	245824
29414	GCF_000835455.1	1442368	34688880	11	4532703	98	973377
29415	GCF_000835475.1	1442370	36722552	60	1665677	140	607153
29416	GCF_000835495.1	569365	43029152	277	6030834	363	816841
29417	GCF_000835505.1	348802	31405760	15	5039080	64	1212368
29418	GCF_000835515.1	215243	38224514	143	3385568	287	973116
29419	GCF_000835555.1	1442369	32474431	17	3817196	130	577963
29428	GCF_000836115.1	91928	32912349	28	3791951	143	504725
29431	GCF_000836275.1	212818	29273723	9	5104443	64	847283
29432	GCF_000836295.1	253628	31780469	367	572008	565	331112
29435	GCF_000836435.1	1442371	33447075	67	963319	133	463212
37011	GCF_001027345.1	879819	19835558	180	216041	221	159730
50672	GCF_001329695.1	578459	21013998	26	1420730	322	167431
