	refseq	taxid	total_length	scaffold_count	scaffold_N50	contig_count	contig_N50
18	GCF_000002425.3	3218	477947608	1990	1331933	18938	74043
25	GCF_000002595.1	3055	120404952	1558	1695175	11385	44607
30	GCF_000002775.3	3694	417286671	2514	18835763	13561	242226
50	GCF_000003745.3	29760	486196837	2061	3426264	14634	102851
61	GCF_000004515.4	3847	978971636	1191	48577505	17146	182849
75	GCF_000005505.2	15368	272132505	28	59384932	486	6404379
1197	GCF_000143415.3	88036	212501708	758	1749879	5155	119796
1199	GCF_000143455.1	3068	137684403	1251	1491501	11352	43981
1357	GCF_000147415.1	554065	46159512	414	1469606	3810	27941
1417	GCF_000148765.1	3750	1874765253	1667	1893947	106204	12414
1466	GCF_000151265.2	564608	21958260	21	1183541	497	84001
1476	GCF_000151685.1	3988	350621860	25763	496528	49068	21409
2821	GCF_000184155.1	101020	214373013	3048	27879571	16479	28051
2957	GCF_000188115.3	4081	823786402	3224	16467796	26880	86952
3744	GCF_000219495.3	3880	412924424	2187	49172423	8027	339060
3966	GCF_000226075.1	4113	705934411	14854	1344915	60069	31933
4169	GCF_000231095.1	4533	259907595	2491	21479432	23184	20448
5455	GCF_000263155.2	4555	405868399	337	47252588	6779	126273
7439	GCF_000309985.1	51351	284129391	40432	1960303	51659	46175
7582	GCF_000313045.1	412675	374928489	31464	4278129	59753	18084
7611	GCF_000313855.2	214687	472231289	7512	1311088	29249	28326
7669	GCF_000315295.1	225117	508550595	2182	535028	26566	33767
7758	GCF_000317415.1	2711	327829540	4995	1778813	17383	49898
8170	GCF_000327365.1	29730	761565430	1034	62175169	20751	119844
8335	GCF_000331145.1	3827	530893862	7545	697963	39024	34102
8972	GCF_000346735.1	102107	234030239	8626	636887	23761	32274
9799	GCF_000365185.1	4432	804647751	3603	3435397	58428	38888
10269	GCF_000375325.1	81985	133063876	773	15040190	7067	134357
10848	GCF_000390325.2	4098	1688466321	159548	82598	215609	34053
11000	GCF_000393655.1	4096	2221987173	253918	79727	392998	26746
11655	GCF_000413155.1	42345	556480649	80317	335289	143382	10936
11699	GCF_000414095.1	981085	320378613	31301	405448	46842	40438
12595	GCF_000442705.1	51953	1535178229	40349	1045414	202468	9367
13534	GCF_000463585.1	28532	249929577	12249	1600628	37073	22358
13808	GCF_000471905.2	13333	706495326	5746	4927027	45302	29344
14099	GCF_000478725.1	72664	243110105	638	13441892	3658	222588
14689	GCF_000493195.1	85681	301364702	1398	31410901	8962	109915
14738	GCF_000495115.1	75702	496032534	9615	482055	32789	40490
14899	GCF_000499845.1	3885	521076696	708	50367376	41568	39053
15044	GCF_000504015.1	4155	322166964	2212	1123783	17740	45503
15247	GCF_000511025.2	3555	566550431	40406	2013180	71208	26532
15305	GCF_000512975.1	4182	275059498	16369	2060396	26176	52214
19926	GCF_000611645.1	145388	69711829	6720	15659	12077	9150
19948	GCF_000612285.1	29729	1694597732	75419	121339338	121185	71980
19949	GCF_000612305.1	71139	691429809	4951	53892272	32724	67273
23296	GCF_000686985.1	3708	930507853	1376	41855496	43776	39845
23715	GCF_000696525.1	180498	318527106	6024	746835	56154	27229
24269	GCF_000710875.1	4072	2935884163	6478	1482743	108799	74727
24464	GCF_000715135.1	4097	3643471356	168247	67743	292601	40427
25203	GCF_000733215.1	3075	22924637	374	285543	1386	35091
29068	GCF_000826755.1	326968	437753511	5897	301045	28947	33947
36058	GCF_000987745.1	3635	2189140010	9148	70911690	57884	78306
44615	GCF_001190045.1	3914	467300602	37727	1292063	58639	38390
48076	GCF_001263595.1	78828	1064200343	89584	378442	188398	21149
