	refseq	taxid	total_length	scaffold_count	scaffold_N50	contig_count	contig_N50
28	GCF_000152465.2	345075	4208620	80	362316	143	98101
29	GCF_000153785.2	404974	4053126	33	1094818	62	220219
30	GCF_000153985.2	417398	3977246	36	978841	54	345006
31	GCF_000154005.2	417397	4164181	39	1096844	80	225542
33	GCF_000157035.2	457388	5166302	10	3038395	41	366300
34	GCF_000157075.2	457395	5618568	17	626029	60	275795
35	GCF_000157115.2	469598	5153453	12	953648	104	213698
36	GCF_000158255.2	469606	2271126	7	733892	24	556293
37	GCF_000158535.2	556264	2363537	17	208138	165	29520
38	GCF_000158835.2	469615	1698329	6	376922	24	101498
39	GCF_000159795.2	559736	5333718	96	205000	483	26976
46	GCF_000167935.2	345076	4045303	59	345376	111	128300
50	GCF_000168895.2	412966	4216194	73	499117	114	210601
51	GCF_000168915.2	412614	4068340	41	610857	70	199900
52	GCF_000168935.2	412883	4137330	45	1096293	77	216755
59	GCF_000186945.2	706433	2008072	33	181505	66	104271
220	GCF_000346125.2	1297799	3029287	1	3029287	4	1567207
222	GCF_000346485.2	128403	12294410	40	11632038	86	461908
230	GCF_000384335.2	1163419	4108307	3	4056580	4	2181479
277	GCF_000504185.2	1169855	5232338	424	1238228	450	337573
298	GCF_000572065.1	1435974	1789314	52	63628	56	63628
299	GCF_000572095.1	1436725	1889556	56	67126	64	59616
311	GCF_000613045.2	1454202	5068340	3	3293680	8	1661466
474	GCF_000647855.2	1268883	2908778	31	560448	103	178162
594	GCF_000755535.1	1593232	4721350	2	4582427	9	2554009
633	GCF_000787635.2	104102	3675727	453	97875	654	40957
650	GCF_000806245.1	562	4859890	137	104868	179	89335
651	GCF_000806255.1	562	4947932	142	154770	265	99388
652	GCF_000806265.1	562	5117746	150	152984	204	94891
653	GCF_000806275.1	562	5068634	99	112313	137	102543
857	GCF_000814185.1	1590063	2990020	15	1586545	34	317208
951	GCF_000816715.1	1338533	2787985	52	145205	107	54983
962	GCF_000817165.1	287	6278509	176	75793	821	14373
978	GCF_000817575.1	1390	3987635	3	3984966	182	47663
1207	GCF_000829795.1	46170	2890345	2	2865514	78	55397
1441	GCF_000836595.1	1435981	1746939	60	52560	69	52560
1444	GCF_000836675.1	1435972	1844433	84	49128	94	45156
1445	GCF_000836695.1	1123501	4180927	8	1168200	22	314419
1522	GCF_000877275.1	1427375	4657282	75	143182	258	33808
1525	GCF_000877335.1	1249666	6675044	2	3818325	3	3354546
1578	GCF_000878525.1	1235825	6177387	61	319045	104	318251
1707	GCF_000934365.1	1352	3254806	44	236572	53	230307
1719	GCF_000934745.1	617001	4634603	53	457370	65	251490
1720	GCF_000934755.1	698827	4809662	134	94829	163	72501
1721	GCF_000934765.1	406020	3102228	101	80465	113	65750
1999	GCF_000942395.1	1329796	3421198	7	2122970	9	1152718
2186	GCF_000947195.1	38313	5005849	11	4590164	25	551728
2285	GCF_000949365.1	1328422	5178697	9	4176002	20	796659
2355	GCF_000951815.1	1352	3048469	5	2921963	25	248831
2393	GCF_000952795.1	1581124	2431054	118	71919	271	16659
2394	GCF_000952805.1	1581118	6401307	151	99050	244	52687
2469	GCF_000955925.1	1406	5679800	45	1481574	102	627482
2591	GCF_000958545.1	1265492	10443568	115	386995	138	271853
2755	GCF_000962895.1	330	6889991	131	1412523	133	1412523
2783	GCF_000963615.1	1356405	5177770	16	898660	37	468719
2813	GCF_000964305.1	1286822	6594919	34	488805	35	488805
2897	GCF_000966285.1	683315	6884336	1	6884336	12	837743
2903	GCF_000966475.1	1590	3353072	52	256293	55	256293
2926	GCF_000967185.1	1684	2094785	9	744752	18	260533
2927	GCF_000967195.1	1218493	2118378	7	2001565	37	99399
2928	GCF_000967205.1	1687	1749707	6	1590186	14	943562
2929	GCF_000967245.1	1218508	1810599	7	793281	17	443800
2930	GCF_000967265.1	1684	2132390	6	1958815	11	1171278
2960	GCF_000968215.1	80869	5075162	24	527712	26	527712
3024	GCF_000969605.1	391953	6319576	95	233472	98	233472
3028	GCF_000969705.1	1069448	5558097	1	5558097	10	668548
3030	GCF_000969825.1	1203610	6793348	8	4481443	38	473171
3031	GCF_000969835.1	927665	6486757	7	3531919	33	511428
3032	GCF_000969845.1	1078087	6761553	10	4460853	18	1342917
3063	GCF_000970615.1	1586417	4931757	72	312794	81	312794
3068	GCF_000970735.1	303541	1717379	7	1253344	16	282131
3069	GCF_000970755.1	1218506	2186983	13	2055704	40	170214
3070	GCF_000970775.1	1218507	2116151	9	613917	23	248655
3071	GCF_000970795.1	1218492	1815047	11	1298790	28	221904
3072	GCF_000970835.1	1684	2245218	7	2197289	16	571605
3073	GCF_000970855.1	1218494	2020254	10	1267524	28	193202
3102	GCF_000971475.1	1632857	3423534	78	138777	91	111745
3103	GCF_000971515.1	111105	2373804	92	86305	93	86305
3123	GCF_000971965.1	1567107	5240711	33	459295	41	353662
3124	GCF_000971975.1	684063	7495641	101	204892	115	200917
3125	GCF_000971985.1	1567106	5449237	19	815348	26	612978
3271	GCF_000975305.1	1306405	4721506	1	4721506	7	2407940
3436	GCF_000982955.1	1538294	6916919	256	55979	303	51757
3614	GCF_000987985.1	435897	6126365	3	5524066	13	699639
3662	GCF_001005145.1	419479	7567836	124	169179	162	123230
3721	GCF_001006805.1	1033741	9172134	50	423941	365	56347
3962	GCF_001012655.1	1434652	1614827	91	57393	102	57393
3963	GCF_001012665.1	1434653	1705628	107	36335	115	34904
3964	GCF_001012675.1	1434655	1667743	65	53544	79	53473
3965	GCF_001012685.1	1434654	1687818	103	36287	111	36287
3966	GCF_001012735.1	1434656	1541635	112	32333	119	32333
3967	GCF_001012745.1	1434657	1624754	74	66084	114	39344
4449	GCF_001025015.1	412384	5313836	15	4480630	24	4395515
4634	GCF_001029975.1	666	4057079	64	349946	73	246265
4635	GCF_001030015.1	666	4074242	64	555215	74	227954
4636	GCF_001030035.1	666	3950281	59	351010	80	177580
4639	GCF_001030105.1	644	4445636	5	3375222	26	308688
4640	GCF_001030125.1	548	4980026	6	2713780	15	704708
4641	GCF_001030145.1	550	4683115	7	2463369	12	615912
4642	GCF_001030165.1	548	5197928	3	5187291	16	804735
4643	GCF_001030185.1	548	5056241	5	3547674	16	1083156
4644	GCF_001030195.1	550	4657714	6	3414162	13	2460599
4645	GCF_001030225.1	1594172	4888079	3	4785920	7	3189867
4646	GCF_001030245.1	562	4987453	11	950890	32	366303
4647	GCF_001030265.1	615	5659252	13	3034746	31	689922
4648	GCF_001030285.1	562	5093185	8	798335	22	502988
4649	GCF_001030305.1	562	5283645	12	2893194	38	364454
4650	GCF_001030325.1	562	5285758	17	2653327	41	465430
4651	GCF_001030345.1	562	5224973	5	5067455	22	559998
4652	GCF_001030355.1	562	4908705	12	793199	32	345878
4653	GCF_001030365.1	562	5381425	8	3967716	29	364333
4654	GCF_001030405.1	562	4805912	2	4804610	10	1103405
4655	GCF_001030425.1	562	5138239	168	71790	170	71790
4656	GCF_001030435.1	562	5510310	15	960958	38	317579
4657	GCF_001030445.1	562	5362748	18	915093	30	359378
4658	GCF_001030485.1	562	4979078	5	4728640	28	668092
4659	GCF_001030505.1	562	5175765	10	2644144	39	273584
4660	GCF_001030515.1	562	5172541	10	2964103	25	405178
4661	GCF_001030545.1	562	4874120	9	2654392	32	641221
4662	GCF_001030555.1	562	5239203	14	1342342	29	434414
4663	GCF_001030585.1	562	5211179	13	3655755	29	351947
4664	GCF_001030595.1	562	5415556	11	1326371	36	433180
4665	GCF_001030625.1	562	5473829	16	1465957	38	359673
4666	GCF_001030635.1	562	5220224	13	1171499	37	303668
4667	GCF_001030665.1	562	5222216	7	1326540	18	522264
4668	GCF_001030675.1	562	5497829	9	3360996	30	524104
4669	GCF_001030705.1	571	6146684	4	5941626	14	911536
4670	GCF_001030715.1	571	5654902	7	1442822	19	786346
4671	GCF_001030745.1	571	5676248	5	5140834	18	784700
4672	GCF_001030755.1	1134687	6628171	13	1678624	42	311711
4673	GCF_001030775.1	571	6025529	3	5857663	22	649473
4674	GCF_001030795.1	573	5866388	10	3529974	21	784369
4675	GCF_001030825.1	573	5864026	8	2974767	24	537920
4676	GCF_001030835.1	573	5891931	11	3536975	44	331293
4677	GCF_001030845.1	573	5867503	13	956679	25	956679
4678	GCF_001030875.1	573	5812809	5	5479219	36	508470
4679	GCF_001030905.1	573	5912405	11	2044251	20	562999
4680	GCF_001030915.1	573	5911295	8	3269260	35	493180
4681	GCF_001030935.1	573	5814756	9	5024275	23	812448
4682	GCF_001030945.1	573	5585013	4	3396581	25	369695
4683	GCF_001030985.1	573	5870525	5	3554395	25	547740
4684	GCF_001030995.1	573	5589429	17	4740897	37	507110
4685	GCF_001031015.1	573	5850421	10	3021012	21	646345
4686	GCF_001031025.1	573	5739259	14	1267964	26	412975
4687	GCF_001031065.1	573	5874055	5	5494656	16	1613065
4688	GCF_001031075.1	573	5870684	9	3592103	47	308652
4689	GCF_001031095.1	573	5917684	5	5570815	40	280762
4690	GCF_001031105.1	573	5770702	9	2918083	38	434480
4691	GCF_001031145.1	573	5721219	11	1351805	24	505282
4692	GCF_001031155.1	573	5810073	7	3427985	19	1226681
4693	GCF_001031175.1	573	5686533	5	4703453	21	568446
4694	GCF_001031185.1	573	5825388	5	5283954	26	622261
4695	GCF_001031225.1	573	5858674	6	5568344	31	785175
4696	GCF_001031235.1	573	5836506	10	1974913	25	718901
4697	GCF_001031245.1	573	5499487	12	2869514	21	557822
4698	GCF_001031265.1	573	5936627	9	4830577	17	784451
4699	GCF_001031305.1	573	5976846	8	5577907	32	785483
4700	GCF_001031315.1	573	5848630	15	1440716	36	426381
4701	GCF_001031325.1	573	5348955	4	5276457	19	1220853
4702	GCF_001031345.1	573	5869452	12	1439562	27	614770
4703	GCF_001031385.1	573	5759324	8	5332620	21	786771
4704	GCF_001031395.1	573	5848223	7	3534150	17	2978939
4705	GCF_001031405.1	573	5893745	6	4833193	28	502813
4706	GCF_001031415.1	573	5896200	13	1557251	44	365022
4707	GCF_001031465.1	573	5914114	7	3540150	25	784485
4708	GCF_001031475.1	573	5634040	2	5389712	29	374989
4709	GCF_001031485.1	573	5810536	5	3483395	14	727117
4710	GCF_001031515.1	573	5793090	12	5351805	48	426586
4711	GCF_001031545.1	573	5958392	7	3534379	34	517547
4712	GCF_001031555.1	573	5735740	7	4916296	24	492254
4713	GCF_001031565.1	573	5755890	8	4776830	25	784430
4714	GCF_001031595.1	573	5847194	16	1441989	26	510614
4715	GCF_001031625.1	573	5668344	13	3002766	33	510881
4716	GCF_001031635.1	573	5872050	13	2034857	26	387424
4717	GCF_001031645.1	573	5735790	5	4669153	22	784411
4718	GCF_001031675.1	573	5883276	6	5536631	24	618018
4719	GCF_001031705.1	573	5846556	3	5569579	13	1165974
4720	GCF_001031715.1	573	5860523	11	1718995	37	607625
4721	GCF_001031725.1	573	5663672	6	4875182	41	381010
4722	GCF_001031745.1	573	5803470	12	3115959	33	310906
4723	GCF_001031785.1	573	5914089	4	5632746	23	799231
4724	GCF_001031795.1	573	5573126	7	4142606	24	449811
4725	GCF_001031805.1	573	5904572	15	1438511	37	537942
4726	GCF_001031825.1	573	5730204	12	1441553	27	604899
4727	GCF_001031865.1	573	5559730	6	4753393	18	566182
4728	GCF_001031875.1	573	5486359	12	762412	78	247830
4729	GCF_001031895.1	573	5287190	13	3255796	22	523643
4730	GCF_001031905.1	573	5872245	9	3417385	41	376463
4731	GCF_001031945.1	573	5866557	7	4801846	40	282907
4732	GCF_001031955.1	573	5870964	7	3544396	27	506418
4733	GCF_001031965.1	573	5680180	4	3193236	18	784411
4734	GCF_001031995.1	573	5530657	6	5157154	27	509762
4735	GCF_001032025.1	573	5866160	14	1443438	26	680622
4736	GCF_001032035.1	573	5906443	7	3548656	23	404882
4737	GCF_001032045.1	573	5886883	11	3216890	37	297723
4738	GCF_001032075.1	573	5686145	7	3019336	41	344532
4739	GCF_001032105.1	573	5826763	15	1457787	35	502888
4740	GCF_001032115.1	573	5882761	12	3203499	34	537656
4741	GCF_001032125.1	573	5700394	13	1222868	47	368535
4742	GCF_001032145.1	573	5648299	17	1339900	34	808653
4743	GCF_001032185.1	573	5433574	13	3052878	26	592396
4744	GCF_001032195.1	573	5924443	13	3147520	51	489563
4745	GCF_001032205.1	573	5330318	4	3678827	25	484617
4746	GCF_001032225.1	573	5882730	6	3543958	23	433888
4747	GCF_001032265.1	573	5906860	6	3948763	49	778899
4748	GCF_001032275.1	573	5924305	12	3228857	22	537440
4749	GCF_001032285.1	573	5892438	8	3528725	19	3002853
4750	GCF_001032305.1	573	5884935	8	3539673	23	567722
4751	GCF_001032345.1	573	5868790	8	5531590	37	485720
4752	GCF_001032355.1	573	5861821	10	5449189	29	784260
4753	GCF_001032365.1	573	5858756	12	3478966	24	564597
4754	GCF_001032375.1	573	5938168	13	1551456	29	783479
4755	GCF_001032425.1	573	5539306	8	3335900	25	404245
4756	GCF_001032435.1	573	5792846	10	1435414	35	842180
4757	GCF_001032445.1	573	5828944	10	1517262	27	563610
4758	GCF_001032455.1	573	5806254	6	5024380	38	415441
4759	GCF_001032505.1	573	5896922	12	1301999	30	437771
4760	GCF_001032525.1	573	5862898	10	3481087	23	537446
4761	GCF_001032535.1	573	5881140	12	3286321	31	316028
4762	GCF_001032545.1	573	5915952	12	3496172	33	433160
4763	GCF_001032585.1	573	5683889	7	3835835	24	526642
4764	GCF_001032605.1	573	5704799	8	2115353	36	485015
4765	GCF_001032615.1	573	5611102	10	2815189	19	504882
4766	GCF_001032625.1	573	5874097	8	2050690	41	542479
4767	GCF_001032665.1	573	5831986	10	1457724	20	859027
4768	GCF_001032685.1	573	5622118	7	3798985	34	441802
4769	GCF_001032695.1	573	5856469	14	1438674	29	507375
4770	GCF_001032705.1	573	5858294	11	1791895	45	506253
4771	GCF_001032735.1	562	5558994	13	1974607	55	218915
4772	GCF_001032765.1	573	5884986	9	3372914	31	400549
4773	GCF_001032775.1	573	5685492	8	4823252	30	381229
4774	GCF_001032795.1	573	5845429	6	3533238	27	511637
4775	GCF_001032815.1	573	5405426	8	3248244	29	505549
4776	GCF_001032845.1	573	5808713	11	4558128	25	598010
4777	GCF_001032855.1	573	5658184	8	3369896	22	899081
4778	GCF_001032875.1	573	5571965	8	2965569	30	445908
4779	GCF_001032895.1	573	5919957	10	1556252	28	504640
4780	GCF_001032925.1	573	5954230	9	5080687	30	784423
4781	GCF_001032935.1	573	5576281	4	3624601	26	504056
4782	GCF_001032965.1	573	5911540	13	844384	28	506840
4783	GCF_001032975.1	573	5866023	5	4979166	33	511707
4784	GCF_001033005.1	573	5870629	7	3521366	43	252242
4785	GCF_001033015.1	573	5873355	9	1794384	42	441609
4786	GCF_001033045.1	573	5886927	12	1440955	27	660200
4787	GCF_001033055.1	573	5865576	8	3480421	35	369895
4788	GCF_001033085.1	573	5877113	4	5570251	41	369513
4789	GCF_001033095.1	573	5926118	13	1860273	24	509111
4790	GCF_001033125.1	573	5708381	7	4331099	25	514680
4791	GCF_001033135.1	573	5581807	8	3422617	33	302142
4792	GCF_001033165.1	573	5862802	9	3530008	29	568405
4793	GCF_001033175.1	573	5917081	5	3530979	21	730694
4794	GCF_001033205.1	573	5677893	5	5439308	16	784436
4795	GCF_001033215.1	573	5923277	8	2996943	19	533962
4796	GCF_001033245.1	573	5598357	7	2988617	23	1042378
4797	GCF_001033255.1	573	5918388	9	3528100	22	785322
4798	GCF_001033285.1	573	5727499	8	4859566	19	784299
4799	GCF_001033295.1	573	5850815	8	3525909	20	707164
4800	GCF_001033305.1	573	5745120	16	847348	28	504891
4801	GCF_001033335.1	573	5638196	4	3369353	18	568960
4802	GCF_001033365.1	573	5844638	8	3537535	23	438659
4803	GCF_001033375.1	573	5840789	15	1438100	25	538185
4804	GCF_001033385.1	573	5801750	9	1969068	24	533380
4805	GCF_001033415.1	573	5535596	10	4658983	26	610880
4806	GCF_001033445.1	573	5458345	5	4680334	25	367904
4807	GCF_001033455.1	573	5849368	120	170875	142	124970
4808	GCF_001033465.1	573	5410360	5	3292921	23	713330
4809	GCF_001033505.1	573	5524035	5	5319995	31	373942
4810	GCF_001033525.1	573	5462074	7	4258389	18	576247
4811	GCF_001033535.1	573	5535215	8	5152205	27	728221
4812	GCF_001033565.1	573	5724061	13	4700870	31	506221
4813	GCF_001033575.1	573	5642554	12	847045	98	130603
4814	GCF_001033585.1	573	5774248	12	3364117	52	250797
4815	GCF_001033615.1	573	5649212	2	5424551	16	614778
4816	GCF_001033645.1	573	5732018	11	3447254	33	710943
4817	GCF_001033665.1	573	5516532	4	5302576	27	436037
4818	GCF_001033675.1	573	5511560	10	3705882	19	435869
4819	GCF_001033685.1	573	5310466	21	1092924	284	55583
4820	GCF_001033725.1	573	5494505	6	5319103	26	556993
4821	GCF_001033745.1	573	5466250	9	2944589	20	597341
4822	GCF_001033755.1	573	5907833	13	4762023	41	411155
4823	GCF_001033765.1	573	5274501	2	5269172	14	657448
4824	GCF_001033805.1	573	5786479	23	1253450	74	192306
4825	GCF_001033825.1	573	6023346	23	3241598	96	293076
4826	GCF_001033835.1	573	5883982	7	5392201	25	578604
4827	GCF_001033845.1	573	5659737	3	5328630	26	437189
4828	GCF_001033885.1	573	5894107	7	5415131	30	437261
4829	GCF_001033895.1	573	5600957	12	2819116	35	241561
4830	GCF_001033915.1	573	5617133	14	5367682	32	528086
4831	GCF_001033925.1	573	5528559	4	3317888	21	541905
4832	GCF_001033965.1	573	5657471	22	2980173	45	386876
4833	GCF_001033975.1	573	5480342	11	3127692	28	547113
4834	GCF_001033995.1	573	5683141	7	4567076	85	138164
4835	GCF_001034005.1	573	5598979	3	4710294	13	2989437
4836	GCF_001034045.1	573	5765423	2	5598467	30	305833
4837	GCF_001034055.1	573	5806231	8	4622145	30	472648
4838	GCF_001034085.1	573	5590202	3	5262037	22	606883
4839	GCF_001034125.1	573	5681200	5	5368155	22	804797
4840	GCF_001034135.1	573	5643163	5	5316720	18	1199755
4841	GCF_001034155.1	573	5374690	7	1539387	22	377393
4842	GCF_001034165.1	573	5719424	14	3337552	26	553252
4843	GCF_001034205.1	573	5582596	4	4552126	21	383869
4844	GCF_001034215.1	573	5791498	9	4875671	26	507082
4845	GCF_001034235.1	573	5504759	4	3251387	17	775944
4846	GCF_001034245.1	573	5955581	7	3516431	19	1271489
4847	GCF_001034285.1	573	5560967	13	3023119	21	500706
4848	GCF_001034295.1	573	5598904	16	3828760	32	545192
4849	GCF_001034305.1	573	5569476	14	3186790	29	790496
4850	GCF_001034325.1	573	5761055	10	4543033	27	730411
4851	GCF_001034365.1	573	5467031	3	4432030	21	598228
4852	GCF_001034375.1	615	5620047	10	4500978	41	317295
4853	GCF_001034395.1	615	5133128	12	2985225	21	783197
4854	GCF_001034405.1	615	5187497	1	5187497	11	956880
4855	GCF_001034445.1	1686376	5182566	10	2637604	16	693856
4856	GCF_001034465.1	1686377	5003845	9	1299095	21	553253
4857	GCF_001034475.1	1686378	5396670	9	1934712	15	865359
4858	GCF_001034485.1	1686379	4925928	4	3894702	10	1308209
4995	GCF_001037485.1	1686380	5519736	6	5076876	28	544990
4996	GCF_001037495.1	1686381	4951048	2	4199763	5	1327826
4997	GCF_001037505.1	1686382	5623307	11	3521851	45	384257
4998	GCF_001037515.1	1686383	5005078	7	3458368	13	820991
4999	GCF_001037565.1	1686386	4788855	8	4386662	16	646161
5000	GCF_001037575.1	1686384	5324738	6	4477298	15	733545
5001	GCF_001037585.1	1686385	5434086	14	668066	29	537874
5002	GCF_001037595.1	1686387	5269134	15	747661	24	445642
5003	GCF_001037645.1	1686388	4800284	3	4708120	9	674016
5004	GCF_001037655.1	1686389	4917507	4	4720963	15	678944
5005	GCF_001037665.1	1686390	5151937	31	4979242	65	1008882
5006	GCF_001037675.1	1686391	4631861	11	2379814	14	698338
5007	GCF_001037725.1	1686392	4607622	1	4607622	13	604623
5008	GCF_001037735.1	1686393	4977886	8	4691853	25	874355
5009	GCF_001037745.1	1686394	4884062	6	4220633	10	951026
5010	GCF_001037755.1	1686395	4935579	7	2603086	21	471195
5011	GCF_001037805.1	1686396	4701014	1	4701014	8	965816
5012	GCF_001037815.1	1686397	5186321	22	4750452	43	465577
5013	GCF_001037835.1	1686398	4860915	4	1935334	11	1421804
5014	GCF_001037845.1	1686399	5248356	13	4546749	42	347377
5015	GCF_001037885.1	1686400	4637831	2	4635749	17	513945
5016	GCF_001037905.1	1686401	5013557	9	3862956	22	590246
5264	GCF_001046635.1	1114963	5313474	19	797132	26	797132
5265	GCF_001046645.1	1420583	4656115	18	2698209	21	480728
5266	GCF_001046655.1	1114964	4693489	11	3422749	82	127584
5386	GCF_001050235.1	360412	4438311	2	4145241	25	382642
5389	GCF_001050295.1	1430899	2792738	17	263572	42	120013
5390	GCF_001050305.1	1497681	3453086	79	108251	143	48265
5393	GCF_001050375.1	1513271	4549503	47	204442	62	155862
6683	GCF_001078175.1	883116	6173601	5	3259089	37	324607
6684	GCF_001078195.1	883119	6296707	10	5783544	74	231823
6685	GCF_001078235.1	883123	6014180	6	5196242	61	175014
6686	GCF_001078255.1	883124	5993151	9	3113045	39	287105
6689	GCF_001078315.1	450746	2503910	19	346679	53	99759
6691	GCF_001078375.1	1110546	2161277	48	225588	49	225588
6692	GCF_001078415.1	457397	3037525	22	1559829	37	231981
6693	GCF_001078425.1	742732	6604884	30	668224	89	187931
6694	GCF_001078435.1	742734	6252818	38	694783	91	137765
6695	GCF_001078445.1	742736	5459495	70	262765	130	94345
6696	GCF_001078495.1	13690	5499840	109	123375	111	123375
6697	GCF_001078555.1	658662	5138456	46	413702	92	135090
6701	GCF_001078665.1	46170	2714809	15	564580	17	411917
11783	GCF_001183095.1	487	2115793	77	61737	94	50980
11784	GCF_001183125.1	487	2119636	83	61194	130	46488
11785	GCF_001183135.1	487	2141930	82	59658	104	48064
11786	GCF_001183165.1	487	2083416	68	61913	93	47577
11787	GCF_001183175.1	487	2119916	90	52691	109	45888
11788	GCF_001183215.1	487	2068536	80	50468	120	40484
11789	GCF_001183245.1	487	2149405	85	63138	112	46421
11790	GCF_001183255.1	487	2099253	96	61358	134	47541
11791	GCF_001183285.1	487	2034915	99	43545	125	39196
11792	GCF_001183295.1	487	2147779	87	66226	120	44257
11793	GCF_001183325.1	487	2092401	81	54763	111	45846
11794	GCF_001183335.1	487	2154028	86	54755	118	46304
11795	GCF_001183365.1	487	2121487	80	68282	115	47113
11796	GCF_001183375.1	487	2098189	78	64992	113	42913
11797	GCF_001183405.1	487	2148054	92	48259	108	39913
11798	GCF_001183415.1	487	2156489	92	61297	109	46182
11799	GCF_001183445.1	487	2152202	90	55931	116	47993
11801	GCF_001183485.1	487	2127229	83	68878	113	59234
11802	GCF_001183495.1	487	2121853	79	58449	323	11475
11804	GCF_001183545.1	1622269	4427922	2	4427331	12	2402236
11834	GCF_001184225.1	1679193	3841225	5	3824254	15	1219398
11860	GCF_001184775.1	666	4004435	53	330022	67	178071
11882	GCF_001185345.1	658665	3904224	21	1018203	73	143047
11893	GCF_001185665.1	573	5991374	9	5345748	26	699470
11894	GCF_001185675.1	573	5870348	7	5582289	18	1013870
11895	GCF_001185685.1	573	5794116	11	4011442	20	792777
11896	GCF_001185695.1	573	5848030	10	2044248	20	834885
11897	GCF_001185745.1	573	5899071	15	1442352	24	920740
11898	GCF_001185755.1	573	5923759	9	3417778	26	927066
11899	GCF_001185765.1	573	5895829	7	4330356	21	777417
11900	GCF_001185775.1	573	5706450	5	4973556	19	505216
11901	GCF_001185825.1	573	5762201	7	3367444	25	527720
11902	GCF_001185835.1	573	5925862	9	2999400	26	539311
11903	GCF_001185845.1	457389	6302216	18	3268607	46	297087
11904	GCF_001185865.1	573	5861909	16	3154819	41	643998
11905	GCF_001185895.1	573	5698628	5	4911856	24	591283
11906	GCF_001185915.1	573	5632103	13	3204562	43	462967
11907	GCF_001185925.1	573	5851968	10	3531784	29	784440
11908	GCF_001185945.1	573	5875841	6	3486571	28	463215
11909	GCF_001185955.1	573	5864135	11	2030521	19	884530
11910	GCF_001185985.1	573	5907817	8	3423285	26	560364
11911	GCF_001186005.1	573	5916084	7	3707525	19	877334
11912	GCF_001186025.1	573	5890443	7	3032943	43	317026
11913	GCF_001186035.1	573	5871539	11	3231507	20	551621
11914	GCF_001186065.1	573	5695001	8	3453180	23	586153
11921	GCF_001186315.1	656416	5427176	127	466239	203	114316
12025	GCF_001189015.1	42234	9978361	47	534003	263	88034
12026	GCF_001189025.1	146819	8624932	33	536346	206	81404
12027	GCF_001189035.1	146820	10419108	42	544279	705	32825
12184	GCF_001192695.1	669	5795792	42	807619	52	356903
12189	GCF_001192795.1	1678840	3510630	3	2313929	16	478560
12191	GCF_001192835.1	1678841	4514407	2	3114282	15	675007
14594	GCF_001243045.1	1622073	2542842	6	2380284	7	2103296
14610	GCF_001243385.1	1507980	5701460	254	290081	255	262357
14618	GCF_001243545.1	1507971	5512033	52	299754	54	285536
14624	GCF_001243675.1	1507977	5658438	82	200580	84	192563
14627	GCF_001243735.1	1507974	5378741	63	161606	64	161606
14632	GCF_001243825.1	1507975	5538279	155	259491	158	247193
14635	GCF_001243895.1	1622072	3987368	9	3909021	28	358054
14639	GCF_001243975.1	1601	2134779	16	367054	26	155348
14644	GCF_001244075.1	1507982	5408534	92	142745	94	142745
14649	GCF_001244175.1	1507976	5562484	73	247489	74	247489
14661	GCF_001244405.1	1658112	5156194	9	1069380	13	1069380
14664	GCF_001244495.1	1650661	3453778	10	3279315	47	192161
14666	GCF_001244545.1	1658109	3594189	6	909877	7	909877
14677	GCF_001244735.1	1499685	4111990	14	2871263	58	269004
14688	GCF_001244995.1	1673721	3105129	7	2281024	9	2149571
15453	GCF_001261775.1	1673717	3511751	12	991048	15	991048
15460	GCF_001261975.1	632	4745857	4	4568521	6	3184557
15461	GCF_001261985.1	632	4728870	6	2915616	20	1279755
15468	GCF_001262155.1	1507978	5417908	71	285866	74	285866
15483	GCF_001262505.1	1692241	7005767	109	308460	112	264748
15484	GCF_001262515.1	72556	6180134	17	855049	20	626645
15513	GCF_001263295.1	1701910	6013863	68	358737	72	358737
15680	GCF_001267455.1	1692240	6989725	127	183610	141	176174
15699	GCF_001267905.1	1590	3216480	45	149697	54	149697
15790	GCF_001270025.1	146537	8790205	350	54489	364	52084
15819	GCF_001270745.1	702383	7266157	76	324980	94	174005
15895	GCF_001272315.1	337330	3275144	4	3220852	10	1226380
15956	GCF_001274015.1	1350482	4602720	14	666326	15	666326
16139	GCF_001278365.1	84292	3056510	26	341277	32	336085
16169	GCF_001279165.1	13373	5576849	2	3459535	12	774772
16170	GCF_001279175.1	13373	5468714	3	3349213	229	43992
16171	GCF_001279185.1	13373	5669561	3	3497432	141	81940
16172	GCF_001279195.1	13373	5445235	2	4826955	239	38617
16173	GCF_001279245.1	13373	5491640	17	1244971	414	22263
16174	GCF_001279255.1	13373	5362843	31	1392071	414	21464
16175	GCF_001279265.1	13373	5435447	2	3367337	100	106918
16176	GCF_001279275.1	13373	5479353	2	3405791	244	37084
16177	GCF_001279325.1	13373	5503737	15	647505	302	30440
16265	GCF_001281165.1	148814	1608264	8	1514950	55	47764
16266	GCF_001281175.1	1218495	1460240	9	817270	33	68604
16334	GCF_001282665.1	1686289	3568817	16	788642	30	343080
16335	GCF_001282685.1	1658108	4578674	11	3391002	12	3391002
16336	GCF_001282705.1	1211818	3584162	36	225235	194	32204
16337	GCF_001282725.1	1658111	3497276	14	1005142	15	948956
17014	GCF_001297725.1	562	5444686	386	129025	539	49274
17278	GCF_001306015.1	644	4783170	5	2789550	14	741754
17279	GCF_001306025.1	546	4891646	8	3448390	19	2612975
17383	GCF_001308875.1	1681184	4862873	81	134006	84	134006
20021	GCF_001368795.1	1232431	6725359	13	4295883	600	17249
20023	GCF_001368855.1	246167	5770567	173	195582	174	188508
20203	GCF_001375495.1	1522309	2633477	7	1760189	8	1760189
20205	GCF_001375535.1	1522308	4684221	6	4669777	46	298958
20208	GCF_001375675.1	1632858	2849407	10	2192745	12	1704594
21420	GCF_001401755.1	1379258	5506799	67	309215	90	288357
21473	GCF_001403575.1	1627893	4261889	23	1116178	74	173878
21474	GCF_001403595.1	1686296	4261367	19	1352085	66	159458
21475	GCF_001403615.1	1650662	5503198	14	1398524	16	1398524
21476	GCF_001403635.1	1347366	3732966	11	2114283	12	2015050
21477	GCF_001403655.1	43304	7109837	6	5465827	7	2201149
21485	GCF_001403875.1	687436	5924107	12	4112046	16	867979
21816	GCF_001411885.1	546	4896351	6	4774968	21	2594448
21831	GCF_001412275.1	1305598	2834019	7	2547872	12	629529
22733	GCF_001432305.1	1714344	3632663	4	3629963	36	270257
23000	GCF_001439455.1	1350393	4313998	100	130652	312	28761
23161	GCF_001443665.1	54398	3442017	86	98883	97	83967
23162	GCF_001443675.1	54398	3510797	249	25176	693	7630
23694	GCF_001455605.1	2104	777576	29	70262	30	70262
23695	GCF_001455625.1	2104	802079	44	62672	78	48725
23696	GCF_001455635.1	2104	778884	29	93167	30	93167
23697	GCF_001455675.1	2104	803269	16	95154	22	95154
23698	GCF_001455685.1	2104	802909	18	90648	21	90648
23699	GCF_001455695.1	2104	803078	17	95833	22	95833
23700	GCF_001455735.1	2104	805308	16	127933	17	127933
23701	GCF_001455745.1	2104	803244	15	126287	17	126287
23702	GCF_001455775.1	2104	800977	17	95117	22	90579
23703	GCF_001455795.1	2104	807092	20	95531	30	69611
23753	GCF_001456935.1	1402860	4481988	18	1024389	22	474323
23754	GCF_001456945.1	993071	3541821	13	577830	15	563991
23755	GCF_001456955.1	993073	3666504	15	475904	24	302128
23756	GCF_001456965.1	1049584	7478744	76	320733	78	319592
23757	GCF_001457015.1	1049581	3615064	23	313698	26	313698
23758	GCF_001457025.1	993070	4226231	18	528663	19	528663
23759	GCF_001457035.1	1017270	4500901	10	990889	12	981172
23760	GCF_001457055.1	1414648	4114189	146	50371	158	47093
23776	GCF_001457415.1	1689269	5263775	7	1130530	9	787285
23777	GCF_001457435.1	202789	2065185	4	1619143	5	1063138
23790	GCF_001457795.1	1622075	1818711	13	421722	15	381583
23791	GCF_001457815.1	1689272	3716774	10	651995	13	452471
23792	GCF_001457835.1	1723384	1739382	8	1049559	9	1048036
23820	GCF_001458595.1	137838	4710844	17	3165521	20	832268
23997	GCF_001465875.1	1750561	3846294	10	659603	12	659603
24024	GCF_001466665.1	1217799	1851576	1	1851576	2	1605893
24124	GCF_001469295.1	1302	2164016	12	277669	66	121161
24130	GCF_001469415.1	550	4815521	6	4805842	75	127987
24728	GCF_001482195.1	1247514	3988191	6	3965915	36	370530
24821	GCF_001484765.1	1384589	5453996	115	298088	132	179765
24829	GCF_001484965.1	1649580	3982201	86	164238	98	164238
24862	GCF_001486165.1	1720313	2806977	9	741548	17	355689
24863	GCF_001486445.1	1720315	2090771	9	1475894	12	1305814
24864	GCF_001486505.1	1720296	5370356	20	1323777	25	1323777
24866	GCF_001486585.1	1737426	5059704	15	924910	17	917174
24867	GCF_001486665.1	1650663	3829505	19	396958	27	327461
24883	GCF_001487105.1	1720300	3069885	5	2164948	8	783047
24884	GCF_001487125.1	1720195	3397023	7	2324047	8	980938
24885	GCF_001487145.1	1720199	1929163	3	1764657	5	1395615
24886	GCF_001487165.1	1737424	3717343	5	3512494	9	2528264
25181	GCF_001493375.1	498367	5884160	143	569072	168	185160
25239	GCF_001494595.1	1762962	5732010	9	3756539	12	1520778
25695	GCF_001506075.1	1761910	4762049	3	4067252	43	272737
25883	GCF_001513955.1	67350	9639743	32	908089	87	436750
25884	GCF_001513965.1	67285	9835283	129	265228	201	147351
25885	GCF_001513975.1	146536	8412249	31	765357	53	333488
25886	GCF_001513985.1	67340	9555958	30	637039	53	491613
25887	GCF_001514035.1	67386	10159272	98	463572	188	258279
25888	GCF_001514045.1	66877	9844122	47	446159	110	218959
25889	GCF_001514055.1	1903	10309547	71	535873	116	211102
25890	GCF_001514065.1	1890	10145887	29	767418	56	419334
25891	GCF_001514115.1	1963	11669312	98	373123	169	283179
25892	GCF_001514125.1	68231	8363623	32	452173	74	271394
25893	GCF_001514135.1	33903	8950231	75	489586	124	247714
25894	GCF_001514145.1	58343	11570753	78	485926	133	309626
25895	GCF_001514195.1	67304	9866755	29	987818	63	389986
25896	GCF_001514205.1	1943	10217879	88	380444	169	217124
25897	GCF_001514215.1	285568	8408982	73	318751	137	156764
25898	GCF_001514235.1	661399	10290495	64	556829	116	218496
25899	GCF_001514265.1	67356	9179735	35	697917	61	264564
25900	GCF_001514285.1	1739111	9379038	52	556575	101	339891
25901	GCF_001514305.1	909626	10773767	152	214515	248	141443
25972	GCF_001516405.1	1316913	1687671	11	411300	33	115920
25973	GCF_001516415.1	1316917	1680912	8	982195	23	293609
25974	GCF_001516425.1	1316918	1610259	9	350912	20	151466
25975	GCF_001516435.1	1316914	1671886	8	351195	29	150858
25976	GCF_001516485.1	1316922	1618368	9	961762	22	185013
25977	GCF_001516495.1	1316924	1613698	11	292007	24	151178
25978	GCF_001516505.1	1316920	1613328	11	351534	21	165660
25979	GCF_001516515.1	1316921	1687178	12	973921	34	106463
25980	GCF_001516565.1	1316919	1654246	11	349162	28	175819
26027	GCF_001517975.1	665004	4430365	19	870518	168	59904
26076	GCF_001519055.1	1739114	4422865	42	220393	54	197020
26077	GCF_001519065.1	1739113	4787028	34	378546	52	182542
26078	GCF_001519075.1	1117702	3968408	7	2093241	14	771590
26614	GCF_001530325.1	511	4165479	17	515657	39	179577
27327	GCF_001546115.1	34004	4589403	21	2352278	55	193047
27328	GCF_001546135.1	33007	2344907	30	280633	45	280633
27329	GCF_001546145.1	419015	1748893	34	191697	54	107771
27330	GCF_001546155.1	33029	2427147	402	31181	426	30290
27331	GCF_001546165.1	33036	2015538	70	75816	106	43452
27332	GCF_001546215.1	1398	3312432	156	49171	213	37885
27333	GCF_001546225.1	1681	2262348	34	207215	64	73084
27334	GCF_001546235.1	1685	2358436	29	173475	50	78124
27335	GCF_001546275.1	216816	2372082	39	197578	99	45458
27336	GCF_001546285.1	546	4927776	24	493823	43	174437
27337	GCF_001546305.1	545	4812175	63	303787	126	70079
27338	GCF_001546325.1	545	4811954	55	270757	117	73343
27339	GCF_001546355.1	1502	3590266	228	51972	274	39818
27340	GCF_001546375.1	1352	2657288	84	98857	148	30689
27341	GCF_001546385.1	1260	1829690	45	227586	93	54148
27342	GCF_001546395.1	134605	1797919	77	59181	117	47315
27343	GCF_001546435.1	851	2392347	199	30887	294	18538
27344	GCF_001546445.1	2702	1507903	18	361165	47	82698
27345	GCF_001546455.1	2702	1489151	25	145945	60	64758
27346	GCF_001546485.1	2702	1596709	59	76126	109	28096
27347	GCF_001546515.1	573	5401484	135	108187	163	78963
27348	GCF_001546525.1	1596	1914452	64	56307	81	44698
27349	GCF_001546555.1	54005	1874365	22	269331	50	111465
27350	GCF_001546565.2	28125	2459295	127	48915	153	45352
27351	GCF_001546595.1	28128	2859509	177	67706	288	54775
27352	GCF_001546605.1	1280	2761731	103	87860	204	30244
27353	GCF_001546615.1	28035	2501835	41	175562	101	55362
27354	GCF_001546635.1	1286	2730115	50	169442	75	140281
27355	GCF_001546675.1	1311	2089603	39	119367	49	96295
27356	GCF_001546685.1	1311	2068280	36	126052	49	91219
27357	GCF_001546695.1	1311	2175269	52	101041	66	78947
27358	GCF_001546715.1	1311	2192737	31	107365	53	74778
27359	GCF_001546775.1	1311	2031615	85	42159	91	41830
27360	GCF_001546785.1	1311	2142748	27	157447	40	108407
27361	GCF_001546795.1	28037	1902827	55	106867	110	36921
27362	GCF_001546835.1	1304	2103587	78	110470	135	45666
27363	GCF_001546845.1	39777	2098853	94	84707	132	59595
27364	GCF_001546855.1	1603888	2453897	70	74086	125	54735
27365	GCF_001546875.1	33010	2467154	16	701708	23	701708
27575	GCF_001552755.1	87541	1710611	60	90206	107	37522
27576	GCF_001552765.1	1497954	3036377	143	78710	237	37917
27577	GCF_001552775.1	1497953	1864012	34	194040	108	38412
27578	GCF_001552785.1	1393034	1452105	36	119993	46	117811
27581	GCF_001552875.1	545	4882379	45	415269	113	77888
27582	GCF_001552885.1	1497955	1553644	35	115366	47	84050
27583	GCF_001552895.1	1588751	1600888	68	58537	95	36986
27584	GCF_001552935.1	1588753	1698073	50	183670	78	81285
27585	GCF_001552955.1	161879	2535741	9	489766	14	447447
27586	GCF_001552965.1	1384076	2690895	46	140177	54	108492
27587	GCF_001552975.1	467210	2919224	82	115694	151	74289
27588	GCF_001553005.1	502393	1289860	59	51138	80	34026
27589	GCF_001553035.1	1379	1892523	83	53153	135	28273
27590	GCF_001553045.1	157687	2377589	126	56177	180	34256
27591	GCF_001553055.1	1476999	2134018	13	583762	34	124677
27592	GCF_001553085.1	1588755	1541912	19	191214	42	86202
27593	GCF_001553115.1	755172	1837050	30	145619	48	103885
27594	GCF_001553125.1	1477000	1777928	72	56550	91	50038
27595	GCF_001553145.1	1261	2002682	88	56394	106	40745
27596	GCF_001553165.1	1588749	2355383	62	127304	157	33860
27598	GCF_001553215.1	322095	2355383	62	127304	157	33860
27599	GCF_001553225.1	419005	2378563	112	67916	155	52862
27600	GCF_001553265.1	1384078	2825213	94	85666	123	60820
27601	GCF_001553285.1	184870	2096989	14	364836	28	173408
27602	GCF_001553315.1	39778	2045490	58	179344	104	64367
27603	GCF_001553335.1	29466	2050442	41	109450	83	60665
27604	GCF_001553345.1	1384081	1664293	27	209396	54	107519
27605	GCF_001553355.1	1588754	1593598	65	115127	112	64371
27606	GCF_001553395.1	1384082	1729361	45	137529	85	96323
27607	GCF_001553405.1	1588748	1566925	33	149897	53	87201
27611	GCF_001553525.1	584	3899263	62	192485	95	114898
27783	GCF_001557575.1	615	5604115	11	5290667	33	559437
27979	GCF_001562555.1	1763560	4750408	30	297546	39	269455
27991	GCF_001562835.1	562	5109471	142	184722	211	99475
27992	GCF_001562845.1	82135	1504164	24	164558	42	91149
27993	GCF_001562855.1	562	5247497	183	94987	247	57578
28009	GCF_001563365.1	542	2200722	30	385689	41	305436
28018	GCF_001563585.1	197614	2210566	76	68623	112	43425
28019	GCF_001563595.1	1261	2023341	65	74465	105	49257
28020	GCF_001563605.1	1603887	2770079	78	83681	83	76402
28021	GCF_001563615.1	47770	2389793	215	23944	229	23812
28022	GCF_001563665.1	2702	1602630	31	159827	61	45741
28335	GCF_001571425.1	626937	2906526	53	1585760	67	192884
28475	GCF_001574395.1	1588750	1730175	55	125588	91	74737
28476	GCF_001574405.1	28125	2579172	114	68280	141	52022
28622	GCF_001578555.1	820	4656958	86	137248	131	104797
28623	GCF_001578565.1	818	6089777	108	143966	187	83684
28624	GCF_001578575.1	28116	6294259	87	221173	129	121548
28625	GCF_001578585.1	1574262	2576488	112	47023	144	36139
28626	GCF_001578635.1	329854	6828347	102	253662	181	97794
28627	GCF_001578645.1	1574264	3109783	51	173896	113	86621
28628	GCF_001578675.1	1437876	3901461	55	170323	61	169244
28629	GCF_001578695.1	315405	2530481	195	271071	636	7236
28630	GCF_001578705.1	1303	1965030	25	1188840	70	100035
28631	GCF_001578715.1	1776443	2313191	37	1596593	147	29495
28632	GCF_001578725.1	1776578	2199747	61	404855	249	16035
28633	GCF_001578775.1	45634	2206539	44	1734855	123	52231
28634	GCF_001578785.1	150055	1801107	41	1425299	173	24471
28635	GCF_001578805.1	1777878	2189983	84	238149	237	18931
28636	GCF_001578855.1	1303	2031029	55	1285368	287	12235
28637	GCF_001578875.1	1777881	1716726	15	1349942	74	43579
28638	GCF_001578885.1	1777880	1676814	11	1307371	22	179881
28639	GCF_001578935.1	1303	2001295	29	1322860	97	68848
28640	GCF_001578945.1	1303	2052376	139	565661	445	10658
28641	GCF_001579015.1	1303	2278733	54	401560	569	6353
28642	GCF_001579025.1	1303	1956555	26	1312991	166	24580
28643	GCF_001579045.1	28037	2169250	24	634063	72	90738
28644	GCF_001579095.1	1303	2017572	20	1651404	67	70682
28645	GCF_001579105.1	1777865	2544961	153	359441	728	5579
28646	GCF_001579135.1	315405	2548002	190	234394	625	8252
28647	GCF_001579175.1	1303	2129793	29	822929	230	19264
28658	GCF_001579525.1	1303	1826277	15	485727	27	177788
28661	GCF_001579625.1	1303	2148846	230	118081	580	6812
28662	GCF_001579645.1	68892	2111724	56	239091	219	18819
28679	GCF_001580095.1	817	5206456	52	311131	145	70724
28680	GCF_001580105.1	246787	5206456	52	311131	145	70724
28681	GCF_001580115.1	1574263	3151416	114	63117	192	31796
28682	GCF_001580195.1	1574265	3113726	40	161128	82	103428
28766	GCF_001582135.1	446	3569569	45	194117	48	168191
28767	GCF_001582145.1	446	3711534	41	262348	44	221349
28768	GCF_001582155.1	446	3567177	45	168175	49	168175
28769	GCF_001582165.1	933091	3431441	18	335974	20	335974
28770	GCF_001582215.1	446	3286842	47	203988	51	197403
28771	GCF_001582225.1	446	3338544	53	107579	56	103410
28772	GCF_001582235.1	446	3661813	45	219462	48	196119
28773	GCF_001582245.1	446	3649843	40	219461	41	208120
28774	GCF_001582295.1	446	3426496	28	247255	29	235389
28775	GCF_001582305.1	446	3303037	46	124514	47	124514
28776	GCF_001582315.1	446	3264206	41	172952	43	172952
28777	GCF_001582325.1	446	3645343	43	211860	46	204639
28778	GCF_001582375.1	446	3364106	35	251307	36	251307
28779	GCF_001582385.1	446	3534089	80	132258	86	127065
28780	GCF_001582395.1	446	3666043	55	168207	58	168207
28781	GCF_001582405.1	446	3386329	30	261981	33	261981
28782	GCF_001582455.1	446	3242781	39	172782	42	155452
28783	GCF_001582465.1	446	3431853	79	125437	80	125437
28784	GCF_001582475.1	446	3308969	27	267982	33	225297
28785	GCF_001582485.1	446	3251458	42	153112	44	153112
28786	GCF_001582535.1	446	3442598	38	189585	40	189585
28787	GCF_001582545.1	446	3407801	40	174921	42	174921
28788	GCF_001582555.1	446	3427391	42	194356	46	194356
28789	GCF_001582565.1	446	3247985	44	251672	48	225663
28790	GCF_001582615.1	446	3544661	37	247610	44	211834
28791	GCF_001582625.1	446	3543064	35	234806	37	219339
28792	GCF_001582635.1	446	3437434	27	389677	29	340591
28793	GCF_001582645.1	446	3332434	44	185273	50	175229
28794	GCF_001582695.1	446	3597996	49	163362	55	159622
28795	GCF_001582705.1	446	3597996	49	163362	55	159622
28796	GCF_001582715.1	446	3684924	52	219478	54	219478
28798	GCF_001582775.1	446	3432941	30	228160	31	219322
28799	GCF_001582785.1	446	3556240	44	219462	49	196119
28800	GCF_001582795.1	446	3493334	31	219775	33	219775
28801	GCF_001582855.1	446	3606621	51	194133	53	194133
28802	GCF_001582865.1	446	3615465	90	112590	95	108662
28836	GCF_001583565.1	446	3591290	66	209162	70	134429
28837	GCF_001583575.1	446	3442741	32	234678	34	234678
28838	GCF_001583585.1	446	3656267	46	168174	51	168174
28839	GCF_001583595.1	446	3553824	40	194251	43	194251
28840	GCF_001583645.1	446	3473919	28	405377	32	235234
29300	GCF_001594285.1	28131	2673161	55	119856	70	119856
29534	GCF_001601555.1	590158	3188572	9	3086269	23	370188
29569	GCF_001604705.1	584	3806618	35	1913208	83	152517
29983	GCF_001613565.1	573	5546703	64	225589	87	196491
29984	GCF_001613575.1	573	5550293	60	226663	92	176115
29985	GCF_001613585.1	573	5541511	69	222090	85	207961
29986	GCF_001613595.1	573	5544407	72	221429	74	211061
29987	GCF_001613645.1	573	5545016	75	210262	76	210262
29988	GCF_001613655.1	573	5546912	67	214352	102	129477
29989	GCF_001613665.1	573	5574386	72	210790	103	188264
29990	GCF_001613715.1	573	5534841	73	213749	104	143106
30188	GCF_001618145.1	937928	4118836	73	129999	79	107386
30195	GCF_001618285.1	1247	1768827	13	1762881	51	113013
30309	GCF_001620885.1	1140114	5540009	57	335615	58	309968
30470	GCF_001625105.1	455432	9282228	3	4641778	21	802969
30472	GCF_001625175.1	745713	5945135	442	44761	446	43831
30535	GCF_001630805.1	573	5604905	72	418447	81	387858
30591	GCF_001632225.1	1417987	3058319	45	625477	69	303240
30742	GCF_001636315.1	1193713	5807726	2	5806292	7	1634209
30743	GCF_001636325.1	762947	5471077	9	2774433	12	2774433
30744	GCF_001636335.1	549687	4131589	5	3460279	7	2739816
30745	GCF_001636345.1	859144	4586855	3	4584535	9	874575
30746	GCF_001636395.1	220687	5668192	2	5667584	3	5405962
30747	GCF_001636405.1	450367	5460250	2	5459700	6	1809189
30748	GCF_001636415.1	220684	5305306	3	5303701	5	2212394
30749	GCF_001636425.1	209389	5138363	7	4770726	10	1998935
30750	GCF_001636475.1	1478	6494937	23	1760672	129	110832
30751	GCF_001636485.1	1830326	5713881	4	5659874	7	4413263
30752	GCF_001636495.1	79883	4263623	3	4249101	5	4232436
30792	GCF_001637525.1	260554	4090772	3	2970191	5	2968905
30951	GCF_001641065.1	1715004	3903961	122	90600	272	26688
31010	GCF_001642595.1	1402	4154962	24	490745	28	490745
31213	GCF_001647615.1	1131336	3108219	54	150246	97	101948
31262	GCF_001648595.1	447	4113505	112	163927	119	163927
31263	GCF_001648605.1	29423	2711713	49	106684	54	104325
31264	GCF_001648615.1	453	3529149	127	83813	137	78604
31265	GCF_001648625.1	451	3279009	27	284775	30	237159
31266	GCF_001648675.1	456	3087349	28	305899	30	228086
31267	GCF_001648685.1	464	3816964	50	129640	68	110633
31307	GCF_001650175.1	1184151	7815908	36	2011814	194	76854
31882	GCF_001663775.1	1570137	4663437	8	3299557	25	410635
32185	GCF_001672265.1	1408188	2486648	17	422793	79	65990
32346	GCF_001675835.1	61645	4699637	25	475821	26	475821
32634	GCF_001682515.1	134534	4284915	25	555735	26	555735
32746	GCF_001685505.1	95485	7968936	4	3210539	23	582072
32826	GCF_001687305.1	1857645	2202666	10	489560	12	420311
32922	GCF_001689745.1	546	4877666	79	325726	439	29222
32926	GCF_001689915.1	904291	2760011	24	215745	29	215745
33088	GCF_001693695.1	817	5175502	14	1093479	16	931600
33382	GCF_001700615.1	636	3684793	35	317639	41	316099
33465	GCF_001703835.1	1117645	4084052	18	4056868	27	1882703
33548	GCF_001705785.1	284037	10242506	125	317920	133	293863
33635	GCF_001708125.1	561176	7664864	33	390506	86	178479
33639	GCF_001708205.1	1311	2111437	3	916250	4	520299
33847	GCF_001712795.1	457944	9184886	332	53006	425	41001
33941	GCF_001715025.1	29562	1012257	76	28893	100	25123
33942	GCF_001715035.1	29562	1018119	70	37888	79	27233
33943	GCF_001715045.1	29562	1038865	81	23460	106	18271
33944	GCF_001715085.1	743968	1038477	100	21044	181	13710
33945	GCF_001715095.1	29562	1007925	78	29370	138	16307
33946	GCF_001715105.1	29562	1000118	85	36017	141	18527
33947	GCF_001715115.1	29562	1014059	83	32527	143	17013
34320	GCF_001726065.1	28031	4892467	3	4756334	8	3609563
34873	GCF_001748065.1	1255	1774865	1	1774865	26	87139
35753	GCF_001806545.1	1581180	4083546	101	118969	131	88323
35754	GCF_001806555.1	1581179	4235516	117	136274	192	75442
35755	GCF_001806565.1	1581182	4056622	77	128616	145	55356
35756	GCF_001806575.1	1581181	3979326	68	184637	102	103479
35757	GCF_001806625.1	1581183	4137486	136	91682	188	69957
35758	GCF_001806635.1	1581184	4286468	113	138393	154	80097
35759	GCF_001806645.1	1581185	4062786	69	118779	127	80388
35760	GCF_001806655.1	1581186	4069234	79	128619	127	91924
35761	GCF_001806705.1	1581187	4060413	91	113889	130	72256
35762	GCF_001806715.1	1581188	4015638	79	152320	108	99054
35763	GCF_001806725.1	1581189	4070187	85	157295	141	90390
35764	GCF_001806735.1	1581191	4217734	98	139497	161	60493
35765	GCF_001806785.1	1581192	4059828	64	134413	105	97302
35766	GCF_001806795.1	1581055	2294082	45	108793	69	67627
35767	GCF_001806805.1	1581058	2099444	30	511695	130	29189
35768	GCF_001806835.1	1581060	2404913	63	106051	94	52864
35769	GCF_001806865.1	1581066	2497531	66	144292	88	67774
35770	GCF_001806875.1	1581069	2407836	88	61526	110	60766
35771	GCF_001806895.1	1581068	4321789	120	116630	139	93898
35772	GCF_001806915.1	1581071	1927473	35	101074	61	55906
35773	GCF_001806945.1	1581072	2522797	46	133507	85	75599
35774	GCF_001806955.1	1581083	6130622	460	28425	569	21369
35775	GCF_001806975.1	1581084	1892427	71	55098	101	40973
35776	GCF_001806995.1	1581088	2443105	75	97736	101	67824
35777	GCF_001807025.1	1581089	2753203	88	66499	117	49911
35778	GCF_001807045.1	1581090	2433278	20	345509	45	112128
35779	GCF_001807055.1	1581096	4442154	153	94035	187	85956
35780	GCF_001807075.1	1581098	2562236	55	178113	76	103297
35781	GCF_001807105.1	1581103	2490969	48	139518	62	82714
35782	GCF_001807115.1	1581105	6633798	356	37050	475	28205
35783	GCF_001807145.1	1581111	5123096	114	172630	167	81053
35784	GCF_001807155.1	1581113	2390226	52	134298	82	84887
35785	GCF_001807185.1	1581114	4427015	178	61619	232	39529
35786	GCF_001807205.1	1581115	2642799	43	123183	51	117897
35787	GCF_001807215.1	1581116	2812770	85	85493	105	84293
35788	GCF_001807225.1	1581117	2797062	85	111645	123	84586
35789	GCF_001807265.1	1581119	2411621	55	113364	72	85703
35790	GCF_001807285.1	1581120	2422248	25	298474	45	147241
35791	GCF_001807295.1	1581121	2652216	74	130971	82	107868
35792	GCF_001807315.1	1581123	2672576	43	166770	52	102462
35793	GCF_001807345.1	1581125	2251090	24	296764	31	207984
35794	GCF_001807365.1	1581126	2627043	40	193757	45	188581
35795	GCF_001807385.1	1581127	3499000	337	17148	354	16708
35796	GCF_001807395.1	1581128	2177709	38	146698	77	74880
35797	GCF_001807425.1	1581129	2179205	52	141393	118	47996
35798	GCF_001807435.1	1581131	2168922	17	341732	26	174779
35799	GCF_001807465.1	1581133	3046742	87	88623	148	51494
35800	GCF_001807485.1	1581134	2215784	31	153574	43	100952
35801	GCF_001807495.1	1581137	2657712	41	174522	53	152536
35802	GCF_001807505.1	1581138	2418743	30	171078	52	155737
35803	GCF_001807545.1	1581139	2413488	74	89869	92	70346
35804	GCF_001807555.1	1581140	2265558	35	172682	63	67299
35805	GCF_001807575.1	1581143	2206355	41	146894	69	107095
35806	GCF_001807585.1	1581144	2241036	18	337119	23	179211
35807	GCF_001807625.1	1581049	2535716	140	31394	279	16116
35808	GCF_001807635.1	1581051	2837234	46	125241	121	41060
35809	GCF_001807645.1	1581057	5590409	52	362658	97	106014
35810	GCF_001807655.1	1581062	1914489	110	41987	141	34226
35811	GCF_001807705.1	1581064	5916718	158	171789	210	81229
35812	GCF_001807725.1	1581074	1914916	37	120762	64	51550
35813	GCF_001807735.1	1581075	2257660	87	55728	132	29578
35814	GCF_001807785.1	1581076	2170492	24	265174	57	136164
35815	GCF_001807795.1	1581077	2195798	87	59884	102	56955
35816	GCF_001807805.1	1581078	2734772	90	65204	116	61126
35817	GCF_001807845.1	1581079	5944249	115	150977	186	87349
35818	GCF_001807855.1	1581080	2347668	58	192884	120	74312
35819	GCF_001807865.1	1581081	4114905	63	157671	87	108719
35820	GCF_001807895.1	1581082	4491970	158	52610	216	32349
35821	GCF_001807925.1	1581085	6322964	137	111910	257	51829
35822	GCF_001807935.1	1581086	2057851	28	183235	38	93304
35823	GCF_001807955.1	1581087	3858184	88	267022	172	94265
35824	GCF_001807965.1	1581092	2684559	52	177233	81	169442
35825	GCF_001808005.1	1581093	2569697	69	220625	101	122349
35826	GCF_001808015.1	1581094	4820740	48	406136	134	68397
35827	GCF_001808025.1	1581095	5836832	64	209670	129	129522
35828	GCF_001808035.1	1581097	3949877	53	220227	78	108233
35829	GCF_001808085.1	1581099	2218800	47	97584	73	85174
35830	GCF_001808095.1	1581100	2487776	75	97144	95	93524
35831	GCF_001808105.1	1581101	2490409	93	76078	119	66915
35832	GCF_001808125.1	1581102	2383654	57	104952	83	82800
35834	GCF_001808205.1	1581104	2462129	104	63997	309	15584
35835	GCF_001808215.1	1581106	5396751	132	136431	210	62227
35837	GCF_001808255.1	1581107	2178870	47	216540	85	69143
35838	GCF_001808265.1	1581108	5364834	136	143780	185	80389
35839	GCF_001808305.1	1581109	6855127	145	117963	263	56948
35840	GCF_001808325.1	1581110	5721192	58	315355	117	109213
35841	GCF_001808335.1	1581112	2421537	128	66981	137	66981
35842	GCF_001808345.1	1581122	2373930	22	278083	28	203343
35843	GCF_001808385.1	1581132	2486809	36	142003	61	83625
35844	GCF_001808405.1	1581135	2065259	52	103530	61	71319
35845	GCF_001808415.1	1581136	1962433	140	28263	178	22896
35846	GCF_001808425.1	1581141	5191709	59	184065	102	104760
35847	GCF_001808465.1	1581142	1974588	33	121351	43	110230
35848	GCF_001808475.1	1581146	6180115	141	158835	209	86106
35849	GCF_001808485.1	1581145	1628392	33	394246	61	90862
35850	GCF_001808505.1	1581147	2496763	105	62817	122	55107
35851	GCF_001808545.1	1739392	2636380	61	232494	88	137779
35852	GCF_001808555.1	1739394	2123164	103	60600	211	23382
35853	GCF_001808575.1	1715050	2091734	58	105729	72	100734
35854	GCF_001808585.1	1715077	2112118	64	102260	91	54122
35855	GCF_001808625.1	1715078	2063998	108	39546	112	39546
35856	GCF_001808635.1	1715081	2092228	25	230316	42	115228
35857	GCF_001808655.1	1715086	2134256	55	167699	95	88179
35858	GCF_001808665.1	1715092	2103277	93	178063	162	35966
35859	GCF_001808705.1	1715098	2130501	101	141349	157	46740
35860	GCF_001808715.1	1715099	2334359	72	104916	87	63801
35861	GCF_001808725.1	1715164	2093215	21	1327792	80	63665
35862	GCF_001808745.1	1715165	2105612	24	205316	82	45262
35863	GCF_001808785.1	1715180	2094169	116	164805	201	44740
35864	GCF_001808795.1	1715182	2054769	38	115227	51	78330
35865	GCF_001808805.1	1715197	2529478	40	167990	86	58762
35866	GCF_001808815.1	1715202	2036788	92	42105	98	42105
35867	GCF_001808865.1	1715207	2096062	52	142591	93	53793
35868	GCF_001808875.1	1715052	2707625	130	68755	274	22252
35869	GCF_001808885.1	1715017	2654499	54	293426	80	113254
35870	GCF_001808895.1	1715006	2725857	79	83988	98	76637
35871	GCF_001808945.1	1715007	2421074	45	360349	82	102390
35872	GCF_001808955.1	1715008	2312383	23	343558	62	79323
35873	GCF_001808965.1	1715019	4330333	153	58701	180	54428
35874	GCF_001808975.1	1715016	2711203	129	77636	165	46016
35875	GCF_001809025.1	1715020	5771047	116	203141	199	69852
35876	GCF_001809035.1	1715021	2284273	78	77378	111	33567
35877	GCF_001809055.1	1715022	1901829	50	128438	64	98634
35878	GCF_001809065.1	1715027	2410671	45	161115	57	75302
35879	GCF_001809105.1	1715032	2567840	45	136175	99	48680
35880	GCF_001809115.1	1715034	2547863	51	297203	185	79615
35881	GCF_001809135.1	1715036	2876519	311	27853	342	23904
35882	GCF_001809145.1	1715038	2860120	289	31007	342	23480
35883	GCF_001809185.1	1715039	2667941	93	83585	125	60696
35884	GCF_001809205.1	1715041	2157871	49	151408	57	125142
35885	GCF_001809225.1	1715042	2430573	37	147600	49	86108
35886	GCF_001809235.1	1715045	2804419	97	101487	121	70217
35887	GCF_001809245.1	1715048	2476213	167	39525	261	19710
35888	GCF_001809255.1	1715217	1899912	46	316938	70	66144
35889	GCF_001809305.1	1715057	2212752	59	339901	80	168484
35890	GCF_001809325.1	1715079	2778426	182	43438	317	21842
35891	GCF_001809335.1	1715073	2948587	316	25818	362	23224
35892	GCF_001809345.1	1715080	2217005	52	354247	91	92992
35893	GCF_001809385.1	1715082	2686933	47	170151	73	133794
35894	GCF_001809405.1	1715083	2818382	82	173820	115	100597
35895	GCF_001809415.1	1715088	2439224	47	204867	76	141745
35896	GCF_001809445.1	1715091	2181331	72	129472	132	41383
35897	GCF_001809455.1	1715093	2456959	23	220710	34	122022
35898	GCF_001809485.1	1715100	2903158	61	98235	128	42449
35899	GCF_001809495.1	1715101	2503358	84	84745	119	60801
35900	GCF_001809525.1	1715104	2459656	17	721481	47	122905
35901	GCF_001809535.1	1715105	2135362	49	126344	98	41916
35902	GCF_001809565.1	1715109	2235828	19	568053	74	61093
35903	GCF_001809585.1	1715112	2186610	66	166309	124	40844
35904	GCF_001809595.1	1715117	2464647	147	58668	231	24269
35905	GCF_001809605.1	1715118	2191512	79	70016	93	66527
35906	GCF_001809645.1	1715120	2977398	83	100179	160	33428
35907	GCF_001809655.1	1715121	2390950	25	1210176	44	158288
35908	GCF_001809675.1	1715125	2727797	117	70448	159	38809
35909	GCF_001809695.1	1715130	2444943	24	319723	31	172343
35910	GCF_001809725.1	1715139	2275272	39	237047	56	122296
35911	GCF_001809735.1	1715141	2216852	80	159888	123	57126
35912	GCF_001809765.1	1715146	2950097	73	104887	141	43678
35913	GCF_001809775.1	1715145	6967925	166	206156	267	64130
35914	GCF_001809805.1	1715149	6807083	200	113476	348	58602
35915	GCF_001809815.1	1715151	2223309	51	131690	64	110843
35916	GCF_001809845.1	1715152	2138837	45	116920	57	100664
35917	GCF_001809865.1	1715156	2186068	59	127944	70	127944
35918	GCF_001809885.1	1715157	2223736	67	106369	93	79085
35919	GCF_001809895.1	1715159	2150168	29	245859	66	78769
35920	GCF_001809925.1	1715160	2458128	44	122986	53	104661
35921	GCF_001809935.1	1715163	6377920	95	371365	168	92181
35922	GCF_001809965.1	1715167	2491715	40	207671	101	53224
35923	GCF_001809975.1	1715170	2894155	41	189692	104	58300
35924	GCF_001810005.1	1715172	2570106	39	164139	94	51043
35925	GCF_001810025.1	1715173	2415834	78	83843	92	75256
35926	GCF_001810035.1	1715175	2261793	51	348445	111	59187
35927	GCF_001810045.1	1715174	2470772	92	93302	109	62195
35928	GCF_001810085.1	1715177	2753344	92	146466	108	84921
35929	GCF_001810105.1	1715179	2328971	122	87733	173	52003
35930	GCF_001810115.1	1715181	2914129	59	160169	133	43801
35931	GCF_001810135.1	1715189	2346201	36	345267	79	69071
35932	GCF_001810165.1	1715190	2212676	26	392265	52	73596
35933	GCF_001810185.1	1715192	2683231	50	166807	81	107865
35934	GCF_001810195.1	1715193	2461778	59	96887	67	81488
35935	GCF_001810205.1	1715195	6005247	76	240884	186	53542
35936	GCF_001810245.1	1715196	2407870	95	83730	103	75264
35937	GCF_001810265.1	1715201	2446352	125	93426	169	37806
35938	GCF_001810275.1	1715199	2395076	119	77188	146	46470
35939	GCF_001810285.1	1715203	2574878	61	212765	181	25910
35940	GCF_001810325.1	1715204	6464849	144	272449	270	57554
35941	GCF_001810345.1	1715211	1948914	34	473201	62	93653
35942	GCF_001810355.1	1715205	2663843	124	76241	275	18937
35943	GCF_001810365.1	1715213	2396802	62	135390	86	96591
35944	GCF_001810405.1	1715216	2283247	49	143427	67	92559
35945	GCF_001810425.1	1715012	4458191	156	75664	183	64209
35946	GCF_001810435.1	1739249	2448202	70	101812	94	78219
35947	GCF_001810465.1	1739250	6350043	110	295242	179	80919
35948	GCF_001810475.1	1739251	3501669	221	72246	338	36596
35949	GCF_001810505.1	1739252	2678953	66	107425	79	93816
35950	GCF_001810515.1	1739253	2309498	42	371370	94	74420
35951	GCF_001810545.1	1739254	1976024	30	248690	54	93321
35952	GCF_001810555.1	1739255	2409263	37	146631	44	120541
35953	GCF_001810585.1	1739256	2436086	52	274519	138	32366
35954	GCF_001810595.1	1739258	2857272	273	30788	308	25668
35955	GCF_001810625.1	1739259	2472033	78	82265	93	75360
35956	GCF_001810635.1	1739260	2490080	49	212419	81	117175
35957	GCF_001810665.1	1739261	2488549	55	404453	68	161632
35958	GCF_001810675.1	1739262	1835561	46	117600	73	63706
35959	GCF_001810695.1	1739264	2658959	58	149894	67	121860
35960	GCF_001810705.1	1739263	2018481	57	141612	72	110245
35961	GCF_001810745.1	1739265	1958630	71	88921	109	38250
35962	GCF_001810765.1	1739266	2052332	35	122690	44	91233
35963	GCF_001810775.1	1739269	2299565	38	387647	87	65159
35964	GCF_001810785.1	1739268	1875576	21	547914	72	52510
35965	GCF_001810825.1	1739270	1998154	38	296628	85	74374
35966	GCF_001810835.1	1739271	1652551	46	84461	66	62477
35967	GCF_001810845.1	1739272	2534015	25	678383	36	196927
35968	GCF_001810855.1	1739273	2787735	278	28042	323	22460
35969	GCF_001810905.1	1739274	2814204	76	110169	104	62545
35970	GCF_001810915.1	1739275	2118407	49	115999	69	62073
35971	GCF_001810925.1	1739276	6741417	98	255847	178	102338
35972	GCF_001810965.1	1739277	2477684	14	681704	20	276350
35973	GCF_001810985.1	1739278	2363583	60	95928	86	62586
35974	GCF_001810995.1	1739279	2121738	56	1221721	121	47828
35975	GCF_001811025.1	1739280	1974023	35	249354	70	58774
35976	GCF_001811035.1	1739281	1954417	30	184495	38	87434
35977	GCF_001811065.1	1739282	2328563	76	268618	151	55464
35978	GCF_001811125.1	1739286	1887439	71	136194	109	74033
35979	GCF_001811135.1	1739288	1893491	63	77903	104	38624
35980	GCF_001811145.1	1739285	2606195	66	139156	76	117053
35981	GCF_001811185.1	1739289	2390972	72	207526	100	99264
35982	GCF_001811205.1	1739292	2425142	35	310448	46	139036
35983	GCF_001811215.1	1739293	6297513	69	275049	131	117257
35984	GCF_001811255.1	1739296	2677738	71	135570	86	108671
35985	GCF_001811285.1	1739297	2859487	149	79821	202	34694
35986	GCF_001811305.1	1739299	2070036	44	184295	115	60243
35987	GCF_001811315.1	1739298	6513253	295	100928	361	62065
35988	GCF_001811325.1	1739300	2200272	41	309912	107	35600
35989	GCF_001811365.1	1739301	2229188	37	361297	82	121883
35990	GCF_001811375.1	1739303	2176357	60	246594	75	77495
35991	GCF_001811395.1	1739304	1607714	24	201920	53	70593
35992	GCF_001811425.1	1739305	1883002	70	97756	120	52364
35993	GCF_001811435.1	1739306	2482197	45	345452	77	104136
35994	GCF_001811455.1	1739308	2512257	29	247469	56	84257
35995	GCF_001811475.1	1739307	2394695	87	82259	105	70816
35996	GCF_001811505.1	1739309	2111510	97	84813	170	37703
35997	GCF_001811515.1	1739310	2745169	85	99139	107	94367
35998	GCF_001811545.1	1739311	2855933	88	163432	105	84173
35999	GCF_001811565.1	1739312	2761821	53	164511	91	89294
36000	GCF_001811575.1	1739313	3035607	295	31342	348	22101
36001	GCF_001811595.1	1739314	3000209	81	146716	106	83855
36002	GCF_001811625.1	1739315	2467456	216	30897	273	19091
36003	GCF_001811645.1	1739316	2481538	17	702395	26	190066
36004	GCF_001811665.1	1739317	1888237	66	192308	87	81358
36005	GCF_001811685.1	1739318	2409745	136	81986	288	21096
36006	GCF_001811695.1	1739319	6037808	167	140089	254	74263
36007	GCF_001811715.1	1739320	2855745	266	32935	296	26414
36008	GCF_001811745.1	1739321	2029419	30	176976	41	93224
36009	GCF_001811765.1	1739322	1954238	29	184537	37	104521
36010	GCF_001811775.1	1739323	2837842	81	109546	121	52722
36011	GCF_001811805.1	1739324	2436100	16	555435	25	210236
36012	GCF_001811815.1	1739325	2360001	73	171622	102	70099
36013	GCF_001811845.1	1739326	2717646	66	133930	81	127386
36014	GCF_001811855.1	1739328	2206325	70	344418	95	151013
36015	GCF_001811885.1	1739329	2617877	85	316071	115	128518
36016	GCF_001811895.1	1739330	2016954	30	1288609	65	66599
36017	GCF_001811925.1	1739331	2976960	274	29173	353	22944
36018	GCF_001811945.1	1739332	2271132	52	300096	101	72318
36019	GCF_001811965.1	1739333	2173025	59	106091	131	34816
36020	GCF_001811975.1	1739334	6411003	115	219261	166	109629
36021	GCF_001812005.1	1739335	2557238	22	400716	70	78877
36022	GCF_001812015.1	1739336	2022881	25	308136	63	53524
36023	GCF_001812045.1	1739337	2772250	8	731430	22	283629
36024	GCF_001812055.1	1739338	2302917	56	366219	94	106216
36025	GCF_001812065.1	1739339	2405291	99	231910	122	100016
36026	GCF_001812085.1	1739340	2274293	17	428531	56	134628
36027	GCF_001812125.1	1739341	2120682	142	48644	218	29787
36028	GCF_001812145.1	1739343	6287766	115	192468	175	106286
36029	GCF_001812155.1	1739342	2983067	126	62607	204	29376
36030	GCF_001812165.1	1739344	6003369	79	241815	188	54791
36031	GCF_001812205.1	1739346	2285914	25	356333	88	62208
36032	GCF_001812215.1	1739347	2525499	91	83307	110	70212
36033	GCF_001812225.1	1739348	2419950	128	40618	228	23031
36034	GCF_001812235.1	1739345	2487396	10	709263	16	294523
36035	GCF_001812285.1	1739349	2319336	14	734709	66	93931
36036	GCF_001812305.1	1739350	2846314	134	91750	169	85665
36037	GCF_001812315.1	1739354	2539163	79	82266	104	66102
36038	GCF_001812345.1	1739355	2402476	50	298284	68	147245
36039	GCF_001812365.1	1739356	1925251	55	126628	108	37244
36040	GCF_001812375.1	1739357	1926674	66	280749	88	110215
36041	GCF_001812395.1	1739358	1922812	15	302353	24	203088
36042	GCF_001812415.1	1739359	2490835	33	163434	89	59400
36043	GCF_001812445.1	1739360	2423602	71	108391	96	66379
36044	GCF_001812455.1	1739361	2473272	82	117950	87	95350
36045	GCF_001812465.1	1739362	2363067	168	25625	245	17401
36046	GCF_001812505.1	1739364	2460166	10	1470763	24	256757
36047	GCF_001812525.1	1739365	2994966	139	147676	227	40089
36048	GCF_001812535.1	1739366	2336009	85	100538	105	78606
36049	GCF_001812555.1	1739367	2586209	56	136557	76	68072
36050	GCF_001812565.1	1739368	2488463	29	369074	81	50953
36051	GCF_001812605.1	1739369	2317614	66	138283	104	76511
36052	GCF_001812615.1	1739370	2739871	120	84171	170	37176
36053	GCF_001812625.1	1739371	2243564	80	105692	147	49379
36054	GCF_001812645.1	1739372	2980006	294	26935	327	23904
36055	GCF_001812685.1	1739373	3068654	102	108914	184	30098
36056	GCF_001812695.1	1739374	1966998	30	187225	40	87435
36057	GCF_001812725.1	1739375	2304183	53	350460	82	109413
36058	GCF_001812735.1	1739376	2272351	75	83763	126	39982
36059	GCF_001812765.1	1739377	2260165	104	130475	132	58921
36060	GCF_001812775.1	1739378	2239545	23	284532	72	60544
36061	GCF_001812805.1	1739379	2768062	89	114796	117	87155
36062	GCF_001812815.1	1739380	1967326	51	165107	60	106264
36063	GCF_001812845.1	1739382	2493204	36	198782	42	142651
36064	GCF_001812855.1	1739381	2242094	97	79697	153	38162
36065	GCF_001812885.1	1739384	2302204	55	366058	86	103855
36066	GCF_001812895.1	1739383	2314459	65	294310	98	76655
36067	GCF_001812925.1	1739385	2286904	54	447771	73	159088
36068	GCF_001812935.1	1739386	2544241	22	323578	27	270396
36069	GCF_001812965.1	1739387	3272120	142	94164	252	35775
36070	GCF_001812975.1	1739388	2272208	46	156306	105	94603
36071	GCF_001813005.1	1739389	1953943	51	220610	77	92312
36072	GCF_001813025.1	1739390	6842241	229	270633	316	92618
36073	GCF_001813035.1	1739391	1942366	38	209069	126	26431
36074	GCF_001813045.1	1739393	2122725	52	139751	65	99167
36075	GCF_001813085.1	1739395	2064328	27	437612	57	113799
36076	GCF_001813105.1	1739397	2132498	27	271236	85	67289
36077	GCF_001813115.1	1739396	2176154	58	96362	113	57511
36078	GCF_001813145.1	1739398	2269254	31	296425	77	80971
36079	GCF_001813165.1	1739399	2484319	23	690343	30	246665
36080	GCF_001813175.1	1739400	2642255	90	128620	116	76925
36081	GCF_001813195.1	1739401	2518245	67	128417	106	91168
36082	GCF_001813205.1	1739402	1592142	18	999220	33	146758
36083	GCF_001813245.1	1739404	2396014	72	81758	101	64008
36084	GCF_001813255.1	1739407	2502099	87	87399	132	51955
36085	GCF_001813275.1	1739405	2839393	41	302145	121	43118
36086	GCF_001813295.1	1739408	2235189	50	166048	110	54187
36087	GCF_001813325.1	1739410	6954454	145	329655	243	90322
36088	GCF_001813335.1	1739411	2419681	81	123700	201	24551
36089	GCF_001813345.1	1739409	2202659	32	217332	53	171176
36090	GCF_001813355.1	1739412	2749969	79	107598	113	56802
36091	GCF_001813405.1	1739414	2498674	69	602041	90	161030
36092	GCF_001813415.1	1739413	1962196	18	1616297	56	70733
36093	GCF_001813425.1	1739416	2672238	59	163928	74	121112
36094	GCF_001813455.1	1739417	2633927	73	561583	124	76397
36095	GCF_001813485.1	1739418	6603290	126	191715	181	89783
36096	GCF_001813495.1	1739420	2539764	50	132551	131	35747
36097	GCF_001813505.1	1739421	2214986	30	1287439	92	46708
36098	GCF_001813525.1	1739422	2189987	51	204204	125	44452
36099	GCF_001813565.1	1739423	2296639	35	268238	71	89826
36100	GCF_001813575.1	1739425	2952697	248	30761	311	23002
36101	GCF_001813585.1	1739426	2490704	72	86956	99	68875
36102	GCF_001813595.1	1739427	2033982	96	42159	99	42159
36103	GCF_001813645.1	1739428	7052643	323	135746	447	88915
36104	GCF_001813655.1	1739429	2483074	14	709075	23	249808
36105	GCF_001813675.1	1739430	2163570	31	261634	82	56570
36106	GCF_001813685.1	1739431	2237336	26	257545	63	122101
36107	GCF_001813725.1	1739432	2269450	36	219376	76	85860
36108	GCF_001813735.1	1739434	2231077	73	258842	115	50181
36109	GCF_001813745.1	1739435	2127181	56	153358	134	37389
36110	GCF_001813755.1	1739436	2810041	76	149771	100	101139
36111	GCF_001813805.1	1739437	1926242	58	129799	76	70037
36112	GCF_001813815.1	1739439	2638185	78	243187	141	57527
36113	GCF_001813825.1	1739438	2870763	97	86059	167	34305
36114	GCF_001813835.1	1739442	2417060	81	83846	92	74957
36115	GCF_001813885.1	1739443	6433428	80	404527	226	54391
36116	GCF_001813895.1	1739446	2353068	37	384217	66	103608
36117	GCF_001813905.1	1739444	2596514	43	230588	84	68777
36118	GCF_001813925.1	1739447	2566381	45	189627	56	108621
36119	GCF_001813965.1	1739448	2245099	25	393203	81	59687
36120	GCF_001813975.1	1739449	2378691	70	79503	87	67149
36121	GCF_001813985.1	1739450	2085934	23	327348	53	108118
36122	GCF_001813995.1	1739451	6329540	82	324335	140	131771
36123	GCF_001814045.1	1739453	1953243	38	145148	79	47521
36124	GCF_001814055.1	1739452	2007726	39	181806	50	98282
36125	GCF_001814065.1	1739454	1955429	32	184493	44	90530
36126	GCF_001814095.1	1739456	2209874	55	365713	78	150849
36127	GCF_001814125.1	1739457	2231619	44	358435	65	184545
36128	GCF_001814135.1	1739458	2405602	122	68009	175	31577
36129	GCF_001814145.1	1739459	3903571	162	73882	394	19835
36130	GCF_001814155.1	1739460	2477822	112	96203	126	71363
36131	GCF_001814205.1	1739462	2491181	46	277404	72	156199
36132	GCF_001814215.1	1739461	1753374	18	233500	38	115626
36133	GCF_001814225.1	1739463	1986236	168	29981	237	18299
36134	GCF_001814235.1	1739464	2417058	46	146403	54	118599
36135	GCF_001814285.1	1739465	2876793	90	114197	128	52237
36136	GCF_001814295.1	1739467	1804950	45	142348	59	128563
36137	GCF_001814315.1	1739468	2939214	256	31340	294	25965
36138	GCF_001814335.1	1739469	3040048	172	66712	245	30445
36139	GCF_001814365.1	1739470	2484096	98	83839	113	68540
36140	GCF_001814385.1	1739472	2051310	55	101619	72	67599
36141	GCF_001814395.1	1739471	2731072	78	128680	92	96299
36142	GCF_001814405.1	1739473	3103078	102	107683	192	32748
36143	GCF_001814445.1	1739476	2249644	138	360737	183	113528
36144	GCF_001814455.1	1739474	2021947	73	100487	82	72682
36145	GCF_001814465.1	1739477	2872380	255	30618	279	28242
36146	GCF_001814485.1	1739475	2298993	23	290914	64	77840
36147	GCF_001814525.1	1739478	2669014	72	138387	97	76211
36148	GCF_001814535.1	1739479	2628118	115	151433	151	109233
36149	GCF_001814565.1	1739481	2527049	44	162651	90	52854
36150	GCF_001814575.1	1739480	2665715	63	102443	98	65021
36151	GCF_001814605.1	1739482	2693142	75	165800	92	89590
36152	GCF_001814615.1	1739483	2124975	46	235662	87	79031
36153	GCF_001814645.1	1739484	2321240	26	380628	78	71050
36154	GCF_001814655.1	1739485	2416608	35	214822	62	106960
36155	GCF_001814685.1	1739487	3134095	125	72181	216	44323
36156	GCF_001814695.1	1739488	1887134	65	117968	94	74763
36157	GCF_001814725.1	1739486	2484177	9	709195	17	258699
36158	GCF_001814745.1	1739490	6352730	103	389449	218	83819
36159	GCF_001814765.1	1739492	2727086	50	170061	83	65214
36160	GCF_001814775.1	1739491	2052401	56	164140	103	52444
36161	GCF_001814805.1	1739493	2406825	118	68174	186	34201
36162	GCF_001814825.1	1739494	2625963	94	155618	138	58713
36163	GCF_001814835.1	1739495	2130639	59	218491	108	108014
36164	GCF_001814855.1	1739496	3280762	199	87420	320	53375
36165	GCF_001814885.1	1739497	2793519	67	165910	116	65195
36166	GCF_001814895.1	1739498	2353582	55	107844	70	80542
36167	GCF_001814915.1	1739499	2539665	13	738642	18	337458
36168	GCF_001814945.1	1739500	2631066	54	204762	66	117878
36169	GCF_001814965.1	1739501	2724640	114	85038	136	85038
36170	GCF_001814975.1	1739502	2766610	76	134646	103	80959
36171	GCF_001814995.1	1739503	2331455	22	366173	59	129925
36172	GCF_001815025.1	1739504	4192671	137	106385	165	82751
36173	GCF_001815045.1	1739505	2170715	29	262054	89	47970
36174	GCF_001815065.1	1739507	2862340	238	31395	288	25660
36175	GCF_001815075.1	1739506	2441132	106	62156	136	48623
36176	GCF_001815105.1	1739508	2687226	60	132441	89	73308
36177	GCF_001815115.1	1739509	2736337	94	78424	118	69222
36178	GCF_001815145.1	1739510	2635874	95	168194	105	92235
36179	GCF_001815155.1	1739511	2331353	23	441613	71	91541
36180	GCF_001815175.1	1739512	2747230	76	155216	110	62730
36181	GCF_001815195.1	1739513	2987655	249	36522	299	29646
36182	GCF_001815225.1	1739515	2550022	25	769582	31	246565
36183	GCF_001815235.1	1739516	6949719	121	320374	196	102767
36184	GCF_001815255.1	1739517	6622929	116	138510	204	82558
36185	GCF_001815285.1	1739518	2478701	35	519131	62	83304
36186	GCF_001815305.1	1739519	1952836	36	155117	41	104519
36187	GCF_001815315.1	1739520	3101169	135	68567	222	44291
36188	GCF_001815345.1	1739521	2538438	87	93320	112	58811
36189	GCF_001815355.1	1739522	1904337	25	364467	36	109615
36190	GCF_001815375.1	1739524	2314384	48	288445	102	65430
36191	GCF_001815405.1	1739525	1896022	37	160944	67	84582
36192	GCF_001815425.1	1739526	6481690	92	314966	256	50694
36193	GCF_001815435.1	1739528	2955618	58	131626	138	49038
36194	GCF_001815465.1	1739529	2266258	85	70268	182	28289
36195	GCF_001815475.1	1739530	2810525	75	109553	115	73774
36196	GCF_001815505.1	1739533	2699200	75	113025	111	86045
36197	GCF_001815515.1	1739531	1703261	120	81922	184	35982
36198	GCF_001815545.1	1739535	2199832	39	309983	112	44634
36199	GCF_001815555.1	1739536	2804791	82	138735	146	72451
36200	GCF_001815585.1	1739537	1881178	57	142578	99	87067
36201	GCF_001815595.1	1739538	2226516	75	108893	90	65932
36202	GCF_001815615.1	1739539	2227657	62	167421	103	46750
36203	GCF_001815635.1	1739540	2461261	93	96206	117	66454
36204	GCF_001815665.1	1739541	2808272	79	104488	121	64023
36205	GCF_001815675.1	1739542	2741289	116	73720	302	18890
36206	GCF_001815685.1	1739544	2247105	103	76623	153	42958
36207	GCF_001815715.1	1739543	2401628	119	82325	178	45510
36208	GCF_001815745.1	1739545	2450517	40	191126	47	139004
36209	GCF_001815755.1	1739547	2282454	52	199183	95	48292
36210	GCF_001815785.1	1739548	2758830	99	102035	134	74152
36211	GCF_001815805.1	1739549	1984663	68	259029	154	31306
36212	GCF_001815825.1	1739550	2429465	51	220525	70	107935
36213	GCF_001815835.1	1795299	2738187	85	108968	117	72500
36214	GCF_001815865.1	1581061	2020784	31	215753	70	111809
36215	GCF_001815885.1	1581052	6844028	1012	12588	1127	10524
36216	GCF_001815905.1	1581130	2465058	63	115927	80	83557
36217	GCF_001815925.1	1581148	4538577	100	125680	124	89402
36218	GCF_001815935.1	1581050	2380598	73	72860	81	72248
36219	GCF_001815965.1	1581056	2305457	65	100392	80	63693
36220	GCF_001815985.1	1581065	2193273	58	109985	73	98466
36221	GCF_001815995.1	1581054	3527696	598	10277	645	9852
36222	GCF_001816025.1	1581059	4830264	63	210912	121	82026
36223	GCF_001816045.1	1581067	2323498	454	8722	485	8067
36224	GCF_001816065.1	1581063	2957890	98	108573	141	49186
36225	GCF_001816085.1	1581073	2380458	679	5395	702	5322
36234	GCF_001816285.1	562	4975133	137	125611	178	106301
36235	GCF_001816295.1	562	4961064	131	125549	377	56478
36236	GCF_001816315.1	562	4969453	133	125519	165	106301
36378	GCF_001831515.1	1715030	2549445	40	216948	96	109583
36579	GCF_001835805.1	1715135	2519128	101	178372	168	38855
36580	GCF_001835815.1	1715131	2431509	75	82270	91	72044
36581	GCF_001835825.1	1715089	1869479	83	90545	112	58669
36582	GCF_001835835.1	1715122	2107560	87	97101	102	75530
36583	GCF_001835885.1	1715070	2808811	326	26224	371	21903
36584	GCF_001835895.1	1715108	2203205	57	90027	71	67376
36585	GCF_001835905.1	1715169	2423872	63	165653	93	71675
36586	GCF_001835915.1	1715053	1978304	65	107473	77	93621
36587	GCF_001835965.1	1715209	2102096	87	87829	103	69278
36588	GCF_001835975.1	1715065	2626161	36	560550	56	116604
36589	GCF_001835985.1	1715144	2696733	244	29620	284	23812
36590	GCF_001836025.1	1715184	2087212	60	91158	106	43905
36591	GCF_001836045.1	1715072	2826052	284	34025	315	26060
36592	GCF_001836065.1	1715114	2767129	91	111468	114	86887
36593	GCF_001836075.1	1715126	2201465	88	140665	146	42796
36594	GCF_001836085.1	1715068	2794200	60	160736	98	94493
36595	GCF_001836125.1	1715129	2202149	46	296631	60	166719
36596	GCF_001836145.1	1715155	2431851	68	96163	90	71888
36597	GCF_001836155.1	1715097	2852118	94	132249	134	66538
36598	GCF_001836165.1	1715013	2639433	61	129580	72	101627
36599	GCF_001836185.1	1715171	2652130	62	245235	72	145412
36600	GCF_001836225.1	1715059	2536023	23	549096	75	66068
36601	GCF_001836235.1	1715069	5615118	90	231903	190	79415
36602	GCF_001836265.1	1715215	2468155	77	153887	106	64274
36603	GCF_001836275.1	1715110	2054233	40	115228	58	81900
36604	GCF_001836305.1	1715103	2556374	49	121223	96	58197
36605	GCF_001836315.1	1715047	2239820	37	361234	81	103485
36606	GCF_001836325.1	1715132	2038364	92	42159	93	42159
36607	GCF_001836345.1	1715058	2061000	27	207393	42	118491
36608	GCF_001836385.1	1715111	2722222	67	104741	107	58382
36609	GCF_001836395.1	1715043	2513240	102	82650	129	70538
36610	GCF_001836405.1	1715060	6685403	156	181007	282	63147
36611	GCF_001836415.1	1715138	6441787	119	208297	190	99322
36612	GCF_001836465.1	1715150	2778448	73	114961	158	35778
36613	GCF_001836475.1	1715054	2538181	42	187871	100	51211
36614	GCF_001836495.1	1715026	2598164	92	80297	113	61462
36615	GCF_001836505.1	1715166	6269310	93	284033	147	121417
36616	GCF_001836545.1	1715158	2529799	36	187699	94	61953
36617	GCF_001836555.1	1715095	2972386	302	28663	341	26355
36618	GCF_001836575.1	1715071	2972826	306	28515	351	24442
36619	GCF_001836595.1	1715049	2783699	69	112289	115	78277
36620	GCF_001836625.1	1715015	6642611	163	270483	222	106209
36621	GCF_001836645.1	1715014	6643021	147	320704	216	106607
36622	GCF_001836655.1	1715198	6250062	109	259786	208	92014
36623	GCF_001836665.1	1715062	6269840	85	293110	176	91392
36624	GCF_001836705.1	1715140	2267122	77	100830	94	74732
36625	GCF_001836725.1	1715056	2554058	56	168103	111	46960
36626	GCF_001836735.1	1715161	2336535	13	1675525	60	104363
36627	GCF_001836755.1	1715106	2429521	137	73470	159	42377
36628	GCF_001836785.1	1715208	2367409	95	74927	111	59786
36629	GCF_001836795.1	1715154	2240849	54	305004	88	87947
36630	GCF_001836805.1	1715194	2350837	50	116082	61	84442
36631	GCF_001836835.1	1715061	2558812	41	162736	95	57423
36632	GCF_001836865.1	1715178	2413401	80	78136	96	73537
36633	GCF_001836885.1	1715064	2573825	49	194206	99	57439
36634	GCF_001836895.1	1715023	2568542	39	142107	87	60219
36635	GCF_001836905.1	1715153	2271942	42	331109	72	75670
36636	GCF_001836945.1	1715137	2760660	71	133236	104	82686
36637	GCF_001836955.1	1715076	2600945	36	181034	92	52932
36638	GCF_001836965.1	1715107	2017442	60	221523	103	74237
36639	GCF_001836975.1	1715024	2395397	91	83366	120	63805
36640	GCF_001837025.1	1715009	2550469	30	229436	70	56553
36641	GCF_001837035.1	1715128	2418331	71	78937	92	70827
36642	GCF_001837045.1	1715018	2574116	48	145860	90	59572
36643	GCF_001837075.1	1715055	2419291	70	99030	90	78937
36644	GCF_001837105.1	1715188	2534982	73	106156	111	55970
36645	GCF_001837115.1	1715212	2799054	86	120288	133	48673
36646	GCF_001837145.1	1715133	2539396	52	105992	112	44283
36647	GCF_001837155.1	1715035	2577556	51	117117	97	56524
36648	GCF_001837185.1	1715087	2259121	71	109799	111	45130
36649	GCF_001837205.1	1715176	2111233	71	131705	120	63189
36650	GCF_001837215.1	1715143	2376055	74	117994	106	84114
36651	GCF_001837245.1	1715037	2254869	63	331108	145	33730
36652	GCF_001837265.1	1715191	2267615	12	1365354	64	169082
36653	GCF_001837275.1	1715115	2127117	39	119465	54	100449
36654	GCF_001837295.1	1715084	2352774	42	714491	95	92136
36655	GCF_001837325.1	1715116	2284714	52	141489	111	69573
36656	GCF_001837335.1	1715134	1958325	59	478052	105	73407
36657	GCF_001837365.1	1715148	2217149	53	361023	108	112767
36658	GCF_001837375.1	1715031	2147245	28	563548	59	77367
36659	GCF_001837405.1	1715185	2469110	42	695524	59	205705
36660	GCF_001837415.1	1715028	2585465	114	83012	149	42538
36661	GCF_001837445.1	1715044	2390838	95	157867	135	54236
36662	GCF_001837455.1	1715051	2179910	90	54924	128	43877
36663	GCF_001837485.1	1715067	2430309	81	105098	111	51353
36664	GCF_001837495.1	1715214	2441784	110	63443	119	52543
36665	GCF_001837525.1	1715063	2624238	36	282406	100	57588
36666	GCF_001837535.1	1715046	2449144	75	81757	96	62863
36667	GCF_001837545.1	1715094	6381732	84	265342	168	110460
36668	GCF_001837575.1	1715168	2532494	35	182457	100	43445
36669	GCF_001837605.1	1715147	2933080	303	27791	353	23773
36670	GCF_001837615.1	1715096	2411300	79	156118	118	75187
36671	GCF_001837635.1	1715085	2171707	45	180971	63	87888
36672	GCF_001837655.1	1715123	1807370	60	121210	82	59958
36673	GCF_001837685.1	1715090	6305897	92	365205	265	53204
36674	GCF_001837695.1	1715127	2887865	284	28701	331	22977
36675	GCF_001837705.1	1715136	2489149	43	140767	54	84158
36676	GCF_001837725.1	1715210	2818292	109	75841	146	45081
36677	GCF_001837765.1	1715119	2072530	43	115227	62	74679
36678	GCF_001837775.1	1715187	2473368	19	381419	33	151393
36679	GCF_001837805.1	1715011	2473245	91	74867	114	54655
36680	GCF_001837825.1	1715029	2403589	91	83841	124	65675
36681	GCF_001837845.1	1715033	2933660	273	26013	323	19421
36682	GCF_001837855.1	1715124	1991093	34	187176	44	87441
36683	GCF_001837885.1	1715005	2462771	75	166798	97	90660
36684	GCF_001837905.1	1715183	2216453	48	280118	104	45371
36685	GCF_001837915.1	1715025	2442519	84	87443	131	50160
36686	GCF_001837945.1	1715142	2511125	92	108479	128	82421
36687	GCF_001837955.1	1715074	2448859	100	72182	135	48693
36688	GCF_001837975.1	1715162	2491822	91	87543	129	57379
36689	GCF_001837995.1	1715206	2701485	197	84699	467	25909
36690	GCF_001838025.1	1715066	2431366	285	83366	317	60410
36691	GCF_001838035.1	1715010	2381264	74	77013	86	66510
36692	GCF_001838065.1	1715075	2242214	47	298985	85	96935
36693	GCF_001838075.1	1715200	2737612	113	116011	145	77323
36694	GCF_001838105.1	1715186	2140125	44	142318	53	104845
36695	GCF_001838125.1	1715102	2095405	35	126758	48	99410
36696	GCF_001838135.1	1715040	2238578	39	369114	73	96077
36697	GCF_001838165.1	1739406	2381429	61	111645	96	69465
36698	GCF_001838175.1	1739295	2393833	66	135404	96	82302
36699	GCF_001838205.1	1739489	2484283	64	122139	81	62913
36700	GCF_001838215.1	1739291	2482958	47	149302	65	114056
36701	GCF_001838245.1	1739403	2462597	39	139000	50	113081
36702	GCF_001838255.1	1739353	2482041	57	111879	63	88469
36703	GCF_001838285.1	1739351	2540944	73	128720	84	77216
36704	GCF_001838295.1	1739514	2442160	15	1462735	120	30866
36705	GCF_001838325.1	1739534	2409687	25	266647	39	120076
36706	GCF_001838335.1	1739424	2420124	30	259628	37	135049
36707	GCF_001838365.1	1739440	2485776	141	41276	228	21488
36708	GCF_001838375.1	1739527	2437021	149	43047	261	20005
36709	GCF_001838405.1	1739546	2358189	117	39322	203	23012
36710	GCF_001838415.1	1739257	2363966	114	46949	190	22147
36711	GCF_001838445.1	1739455	2744177	145	65020	178	52185
36712	GCF_001838465.1	1739441	2708861	195	79211	237	53091
36713	GCF_001838475.1	1739445	2470159	98	85440	130	48630
36714	GCF_001838485.1	1739523	2676107	81	142085	127	69774
36715	GCF_001838525.1	1739302	2675721	55	179630	83	133798
36716	GCF_001838535.1	1739287	2085882	86	124214	97	103512
36717	GCF_001838545.1	1608910	5040240	107	116387	228	43289
36718	GCF_001838575.1	1715113	1916995	23	314029	44	99663
36719	GCF_001838605.1	1608861	2921266	305	28939	354	25809
36720	GCF_001838615.1	1608882	2150396	71	265530	110	63085
36721	GCF_001838635.1	1608898	2024521	21	505310	33	122324
36722	GCF_001838645.1	1608896	2767606	111	85129	264	23166
36723	GCF_001838685.1	1608857	2379244	54	125541	77	79439
36724	GCF_001838695.1	1608908	6886425	344	48272	973	11967
36725	GCF_001838705.1	1608858	2515611	47	127369	102	45561
36726	GCF_001838745.1	1608859	2889944	90	143733	145	60973
36727	GCF_001838765.1	1608860	2504240	92	109977	129	83189
36728	GCF_001838775.1	1608862	2896766	141	104278	184	62553
36729	GCF_001838805.1	1608863	2773127	56	173791	93	84756
36730	GCF_001838815.1	1608865	2402353	90	85077	114	60404
36731	GCF_001838845.1	1608866	2736027	73	124100	117	72958
36732	GCF_001838865.1	1608867	2650101	63	103693	116	51829
36733	GCF_001838875.1	1608870	2860169	85	109927	128	63968
36734	GCF_001838895.1	1608871	2859403	86	112451	136	73119
36735	GCF_001838925.1	1608872	2722022	53	155483	89	76607
36736	GCF_001838935.1	1608873	2810816	84	104595	129	73119
36737	GCF_001838955.1	1608874	2511462	27	218017	88	58660
36738	GCF_001838975.1	1608875	2887024	108	139248	159	80113
36739	GCF_001839005.1	1608876	2715101	62	104859	95	65103
36740	GCF_001839025.1	1608877	2791495	76	112331	116	66394
36741	GCF_001839035.1	1608878	2836607	78	145286	128	54255
36742	GCF_001839065.1	1608879	2846665	82	133709	133	61034
36743	GCF_001839075.1	1608881	2874905	80	104148	113	82684
36744	GCF_001839105.1	1608883	2587345	51	552813	150	41920
36745	GCF_001839115.1	1608884	2436882	100	115984	124	89102
36746	GCF_001839145.1	1608886	2574652	37	302700	85	69548
36747	GCF_001839155.1	1608888	2903132	83	143096	133	69695
36748	GCF_001839185.1	1608889	2773465	137	61864	172	58604
36749	GCF_001839195.1	1608890	2861588	88	106074	145	47378
36750	GCF_001839225.1	1608891	2804152	79	148091	122	73022
36751	GCF_001839245.1	1608894	2527005	56	145598	153	32026
36752	GCF_001839265.1	1608895	2530773	42	188177	98	58425
36753	GCF_001839275.1	1608897	2799643	76	138843	111	84160
36754	GCF_001839285.1	1608899	2770435	63	132357	98	77920
36755	GCF_001839325.1	1608900	2716828	82	100588	115	50595
36756	GCF_001839345.1	1608901	2581772	36	202150	89	58242
36757	GCF_001839355.1	1608902	2537962	35	187971	90	50922
36758	GCF_001839365.1	1608903	2838082	91	105202	152	72896
36759	GCF_001839405.1	1608904	2875731	147	84028	188	54487
36760	GCF_001839425.1	1608905	2555327	29	226968	84	61944
36761	GCF_001839435.1	1608906	2784723	83	69671	119	54524
36762	GCF_001839445.1	1608907	2773885	51	279457	103	83682
36763	GCF_001839485.1	1608909	2842959	83	105823	130	73119
36764	GCF_001839495.1	1608911	2770322	71	190399	100	89083
36765	GCF_001839505.1	1608856	1720476	18	186851	30	121426
36766	GCF_001839535.1	1608868	1854976	49	117916	81	59658
37494	GCF_001854265.1	305	5486248	139	96523	141	96523
37644	GCF_001857645.1	1496	4075171	77	128733	123	92007
37661	GCF_001858225.1	646	4691251	52	186724	66	168611
37662	GCF_001858245.1	190895	5305289	47	314798	62	256441
37991	GCF_001865315.1	42239	7261502	9	7182059	578	19320
38010	GCF_001865795.1	1886	6952079	50	360729	54	360729
38036	GCF_001866335.1	1198700	3267498	37	298212	664	8951
38369	GCF_001876975.1	305	5871302	224	82625	227	77819
38370	GCF_001876985.1	305	5609284	134	104334	136	104334
38866	GCF_001888145.1	648995	5983417	35	978610	289	70304
38870	GCF_001888225.1	648995	6011083	31	982548	709	16790
38975	GCF_001890765.1	129961	5050153	2	4994740	13	3043045
39196	GCF_001895325.1	1914535	5271683	607	20800	617	19902
39465	GCF_001904575.1	1770	4750273	259	38841	307	31798
39466	GCF_001904595.1	1770	4727050	240	40323	284	38204
39609	GCF_001907695.1	1544451	4979553	27	1601296	34	1600415
39901	GCF_001914255.1	1402	4275585	10	4246687	39	253807
40315	GCF_001929405.1	1892903	6079821	4	6076317	11	1773677
41274	GCF_001951035.1	1388759	4137236	66	148167	74	148167
41527	GCF_001956315.1	1843236	3722743	35	202237	48	163730
42187	GCF_001970035.1	1416672	5003372	82	217231	98	188100
42188	GCF_001970045.1	1416675	5122644	68	431060	89	283782
42189	GCF_001970075.1	1416670	5141713	137	175630	147	154798
42190	GCF_001970095.1	1416673	5191535	73	519276	86	210488
42191	GCF_001970105.1	1416671	5193220	70	434091	82	240601
43537	GCF_001999765.1	1531955	4008197	47	261266	62	199011
43935	GCF_002009685.1	1934003	2848819	2	2847549	11	1561357
44305	GCF_002019595.1	1221450	5773895	6	5649380	12	1728197
44306	GCF_002019605.1	427920	5523573	2	5508547	17	678600
44307	GCF_002019635.1	930124	5399367	4	2975153	8	2028279
44308	GCF_002019645.1	304268	5427045	2	5426306	8	2921490
44309	GCF_002019665.1	79882	4701879	2	4700324	5	1619650
44310	GCF_002019695.1	79879	5476388	7	5224402	27	372692
44311	GCF_002019705.1	228576	4646905	3	4634227	7	3075074
44312	GCF_002019735.1	76935	4319439	1	4319439	2	3703571
44313	GCF_002019755.1	779	1455381	1	1455381	8	214795
44314	GCF_002019765.1	290588	4058377	1	4058377	13	568484
44315	GCF_002019795.1	1912214	4751847	4	4546499	7	3619290
44318	GCF_002019855.1	1890	8506622	5	8480704	14	924356
44540	GCF_002024905.1	562	5151044	29	1109388	156	104724
47311	GCF_002093895.1	703	3866061	51	192769	53	192769
47312	GCF_002093915.1	413503	4902417	67	524453	74	506317
47313	GCF_002093925.1	28141	4369037	26	615211	37	319504
47314	GCF_002093935.1	37332	7891966	347	46867	351	46867
47315	GCF_002093975.1	1088767	8220793	113	204211	139	168627
49899	GCF_002153395.1	1423	4134805	98	137419	122	127604
49900	GCF_002153425.1	304268	4883116	7	4873469	37	269623
49901	GCF_002153445.1	1938560	5085045	1	5085045	9	3639456
50101	GCF_002158275.1	1352	2914982	327	19907	331	19376
50102	GCF_002158285.1	1352	2929754	326	22515	330	22472
50103	GCF_002158295.1	1352	2921052	384	17922	386	17922
50104	GCF_002158325.1	1352	2941040	279	28360	290	28200
50105	GCF_002158355.1	1352	2959310	339	21545	340	21101
50106	GCF_002158365.1	1352	2961832	282	24273	285	23627
50107	GCF_002158375.1	1352	2961829	318	19880	325	17500
50108	GCF_002158385.1	1352	2979448	421	21278	431	20595
50109	GCF_002158435.1	1352	2965830	328	21634	335	20818
50110	GCF_002158445.1	1352	2953413	363	17766	369	17638
50374	GCF_002165455.1	492670	4014477	4	3970137	6	1241451
51139	GCF_002188335.1	1982762	8406443	6	8122180	75	275233
51140	GCF_002188345.1	1982764	8351125	2	8333859	48	318741
51141	GCF_002188355.1	1982763	7059316	5	6794013	50	548106
51142	GCF_002188365.1	1982761	8728089	3	8695358	28	823625
51200	GCF_002189655.1	779	1455375	1	1455375	8	214791
51936	GCF_002206085.1	1297564	2249706	147	28023	149	28023
51937	GCF_002206105.1	1297566	2298088	156	32898	158	32898
51951	GCF_002207945.1	1318632	1675792	17	444189	28	164000
51952	GCF_002207965.1	1318631	1753252	12	395435	28	147528
51956	GCF_002208045.1	1297567	2264936	146	27235	148	24991
52046	GCF_900005065.1	223789	3878044	23	612991	31	445377
52070	GCF_900007315.1	562	5201550	2	4902341	74	339945
52153	GCF_900009135.1	1729650	5987819	103	710824	151	130530
52154	GCF_900009145.1	671072	6781855	191	643580	209	610069
52163	GCF_900009265.1	671071	68003531	184	4066411	245	102593
52164	GCF_900009275.1	59512	11394083	10	3408388	13	1024923
52238	GCF_900010725.1	671068	55176491	157	3783002	180	215742
52295	GCF_900011755.1	1183424	5930410	5	3003068	46	206221
52347	GCF_900012565.1	1183434	4679163	2	2777033	29	422850
52348	GCF_900012575.1	1183430	5928498	4	2093658	24	437390
52349	GCF_900012585.1	1183425	6180714	4	2420166	51	299178
52350	GCF_900012595.1	1183435	5467930	4	2909345	38	293196
52351	GCF_900012605.1	1183422	5383738	3	2800023	19	423639
52352	GCF_900012615.1	1183428	5161592	2	2929893	48	234367
52353	GCF_900012625.1	1183431	6145985	6	2309869	53	234795
52403	GCF_900013495.1	1183436	5884522	5	2970892	49	188388
52404	GCF_900013505.1	1183426	5283961	3	2896418	46	236353
52405	GCF_900013515.1	1183427	5753955	4	2915102	50	218419
52406	GCF_900013525.1	1183433	5636537	4	2914578	17	623567
52407	GCF_900013535.1	1183432	5529311	4	3063625	73	180611
52466	GCF_900014385.1	1183429	5979065	6	2141680	27	447313
54240	GCF_900034305.1	1358019	4987994	6	4915146	98	118147
54410	GCF_900036155.1	1358025	5001025	4	4977450	94	173153
54700	GCF_900039255.1	1183421	5651171	3	2830685	20	432587
54709	GCF_900039345.1	1358020	4958083	3	4918492	113	115047
54710	GCF_900039355.1	1358024	4965880	2	4965164	125	109963
55144	GCF_900044145.1	1358022	5008837	2	5007531	74	183459
55242	GCF_900045375.1	1183423	5845831	4	2080173	43	274641
55576	GCF_900048895.1	1776382	3671597	14	853189	15	853189
55662	GCF_900049755.1	1737425	3084178	22	1419882	41	190862
57264	GCF_900065875.1	1776388	2922118	12	291208	13	291208
57826	GCF_900079775.1	1776379	3765112	27	582839	42	582839
58185	GCF_900083545.1	1816676	3805205	5	3788833	6	2964221
58484	GCF_900086595.1	1805470	3799489	4	3796548	19	581168
58487	GCF_900086655.1	1816681	5668632	4	5631190	24	447329
58491	GCF_900086725.1	1745713	4219447	11	1147464	20	449873
58606	GCF_900089075.1	1816680	2434476	9	1286831	10	908173
58611	GCF_900089125.1	114977	5286890	29	2759677	97	123729
58640	GCF_900091655.1	1841857	4410591	11	4124789	14	2499257
58642	GCF_900091675.1	1816677	4965295	10	1295486	12	1227698
58643	GCF_900091705.1	1805472	3083338	5	2631890	31	242664
58652	GCF_900092335.1	1686286	2793222	14	1895604	71	87351
58804	GCF_900095105.1	632	4427555	48	1905634	561	14188
58823	GCF_900095705.1	1852365	1809170	6	420811	7	420811
58829	GCF_900095825.1	1852375	2669996	4	2625322	8	499265
58830	GCF_900095835.1	1852368	2771606	6	2762878	16	676315
58834	GCF_900095875.1	1852378	2650542	2	2649084	3	1953381
59010	GCF_900099475.1	1720297	2545543	8	805953	13	398871
59011	GCF_900099485.1	1720193	2452357	17	420533	22	300815
59126	GCF_900104565.1	1852383	2674277	7	1731122	8	1731122
59127	GCF_900104575.1	1816695	4863531	16	4368927	19	4019871
59130	GCF_900104605.1	1871003	2390301	8	2187560	9	2097882
59131	GCF_900104615.1	1841867	2580742	3	2575644	38	89112
59136	GCF_900104665.1	1903263	2606093	9	661371	14	424226
59137	GCF_900104675.1	1871018	4041781	6	2993682	9	990667
59199	GCF_900106505.1	505697	8329607	18	4311554	29	1041014
59214	GCF_900106785.1	1852370	3475353	17	765597	19	765597
59217	GCF_900106845.1	1776391	3112481	21	2358301	61	105346
59327	GCF_900111815.1	1805474	3340964	28	3045374	37	493966
59457	GCF_900117315.1	1805475	4216923	13	4164523	21	981080
59615	GCF_900119495.1	1871014	1684407	2	1679298	11	241148
59633	GCF_900119695.1	1689268	1946898	3	1652625	4	1394851
59649	GCF_900120005.1	1852366	3680275	17	566301	20	393150
59657	GCF_900120125.1	1909670	1804814	7	595003	8	595003
59659	GCF_900120155.1	1871020	2972275	3	2607599	5	1024912
59661	GCF_900120195.1	1917876	3308911	3	3302004	8	605906
59664	GCF_900120295.1	1907659	2944302	10	682305	11	682305
59669	GCF_900120385.1	1852385	2276769	37	2000060	112	51193
59670	GCF_900120395.1	1720317	2125418	4	1748717	6	1386532
59671	GCF_900120405.1	1723382	2087160	13	1195964	16	630470
60467	GCF_900128425.1	1745712	2190109	10	1988991	11	1988991
60468	GCF_900128435.1	1909671	2467020	7	2339816	59	115045
60469	GCF_900128445.1	1852386	2633422	3	2629075	5	876932
60470	GCF_900128455.1	1841856	4075696	18	4034845	24	942276
60471	GCF_900128465.1	1852361	2300105	31	493375	114	61534
60472	GCF_900128475.1	1841865	3949838	25	709922	34	504436
60473	GCF_900128485.1	1852381	2353688	22	565842	37	254533
60474	GCF_900128495.1	1907658	3974623	14	3810995	18	742154
60475	GCF_900128505.1	1871013	6483439	8	4509727	13	1474939
60616	GCF_900130135.1	1917883	3977103	23	3900443	30	766733
62412	GCF_900155355.1	290109	4507778	69	4316456	246	49717
62413	GCF_900155365.1	1907654	1876212	15	487726	24	208338
62415	GCF_900155385.1	1816686	3435644	23	2081025	28	638041
62416	GCF_900155395.1	1871030	2468696	23	199974	24	199974
62419	GCF_900155425.1	1750560	5015786	23	1660048	27	762401
62420	GCF_900155435.1	1720198	3348996	23	3298283	100	87569
62422	GCF_900155525.1	1903261	3465670	28	979934	32	267679
62423	GCF_900155535.1	1852380	2263348	13	561882	29	124680
62424	GCF_900155545.1	1805471	5247868	9	4178102	89	171213
62427	GCF_900155575.1	1870995	2295680	19	2263001	48	125223
62428	GCF_900155585.1	1871017	1822826	4	563367	5	563367
62430	GCF_900155605.1	1852376	2007569	2	2003922	18	340087
62432	GCF_900155625.1	1917889	4753046	6	2860113	8	2860113
62433	GCF_900155635.1	1871033	1748607	5	1740490	11	577403
62435	GCF_900155655.1	1917878	3323400	19	3149725	47	207761
62439	GCF_900155735.1	1871029	2841380	35	226826	109	81434
62452	GCF_900155865.1	1841855	5308568	20	5263911	27	1226094
62545	GCF_900156865.1	1926280	4556449	3	4551291	26	515206
62546	GCF_900156875.1	1926278	5481671	11	3636411	62	221270
62549	GCF_900156915.1	1926277	4347501	6	4249507	28	487243
62587	GCF_900157375.1	1841860	6015470	1	6015470	6	1873536
62588	GCF_900157385.1	1841859	6029582	12	1348111	17	828602
62907	GCF_900161855.1	339268	5853750	14	3802279	123	105962
62923	GCF_900162095.1	1473	4904278	19	2923454	25	1051328
62976	GCF_900162625.1	182710	3904525	11	1245496	14	1245496
62980	GCF_900162665.1	582851	4799817	19	1178197	33	395045
62981	GCF_900162675.1	86177	3525189	13	2675716	20	386632
62982	GCF_900162685.1	361279	3456498	14	2555189	26	289271
62985	GCF_900162725.1	1917887	4761292	5	4757230	51	190714
63276	GCF_900166595.1	302167	4608953	16	4199370	17	3766887
63279	GCF_900166625.1	1926286	4312404	2	4297267	25	385034
63280	GCF_900166635.1	1926285	4485339	3	4430231	7	2541854
63281	GCF_900166645.1	119858	4546088	13	2407835	14	2407835
63283	GCF_900166665.1	859144	4778566	5	4712889	39	301281
63417	GCF_900169075.1	1816690	4864679	4	3356215	5	3356215
63425	GCF_900169505.1	1870985	3377915	1	3377915	2	2387222
63426	GCF_900169515.1	1964383	2736213	5	1612051	7	469400
63427	GCF_900169525.1	1816684	3030206	13	1475107	16	807354
63428	GCF_900169535.1	1816691	6327271	19	3191908	25	732461
63437	GCF_900169665.1	1944639	3545090	5	3534573	85	125353
63439	GCF_900169715.1	1926282	2428374	4	1484501	5	700715
63451	GCF_900169975.1	1871015	3118585	20	414825	21	313456
63455	GCF_900170035.1	1246637	6677998	108	274785	346	52376
63947	GCF_900176625.1	1852391	1873678	15	398876	16	213750
63949	GCF_900176655.1	1870987	2161687	23	523754	63	90582
63957	GCF_900176865.1	1852390	2384437	24	2292807	76	88910
63959	GCF_900176885.1	1936063	4300368	4	4275839	41	229238
64023	GCF_900177895.1	1522312	2187398	12	705557	50	143732
