	refseq	taxid	total_length	scaffold_count	scaffold_N50	contig_count	contig_N50
0	GCF_000001405.36	9606	3241953429	837	59364414	1497	56413054
1	GCF_000001515.7	9598	3231170666	45511	26972556	72226	384816
2	GCF_000001635.25	10090	2807715301	304	52589046	808	32273079
3	GCF_000002235.4	7668	990915289	31897	419550	146295	16785
4	GCF_000002315.4	9031	1230258557	23870	6379610	24693	2894815
5	GCF_000002335.3	7070	165944485	2149	4456720	7059	73049
6	GCF_000003025.6	9823	2501912388	706	88231837	1118	48231277
8	GCF_000003205.7	9913	2724980740	5998	6806220	42267	276285
9	GCF_000004195.3	8364	1440398454	6822	135134832	61330	71041
43	GCF_000165445.2	30608	2487409138	7678	108171978	50984	210702
78	GCF_000222465.1	70779	447497157	2421	483559	54401	10915
121	GCF_000258655.2	9597	3286643896	10984	8197324	121356	66676
194	GCF_000298735.2	9940	2615516299	5466	100009711	48482	150472
228	GCF_000365465.2	114398	1445396121	16533	4055356	263908	10147
251	GCF_000485595.1	37621	511738253	59587	209727	121361	10617
297	GCF_000572035.2	69319	241190213	1794	1139389	27508	14116
489	GCF_000699045.1	224129	353562607	3988	910924	75413	6314
577	GCF_000732505.1	28743	1035184475	9259	835301	110959	20803
606	GCF_000764305.1	294128	550885727	18000	215427	23426	114415
614	GCF_000772875.2	9544	3236224332	286263	4193270	348494	107156
1134	GCF_000826765.1	8078	1021898560	10180	1252252	120723	16688
1433	GCF_000836215.1	76194	227021014	3874	3672263	14375	47768
1434	GCF_000836235.1	66420	243890167	5572	6198915	10777	128246
1753	GCF_000935625.1	125878	2053867363	25188	1069101	147513	32798
2287	GCF_000949405.1	411798	287900827	13258	1346088	23916	32417
2347	GCF_000951035.1	336983	2970124662	13124	7840981	197124	38363
2348	GCF_000951045.1	9568	3061992840	12821	3186748	246054	31346
2358	GCF_000952055.2	37293	2861684817	28922	8268663	112851	126456
2470	GCF_000955945.1	9531	2848246356	11433	12849131	76752	112942
2475	GCF_000956065.1	9545	2948703511	9733	15219753	94057	106897
2476	GCF_000956105.1	379532	2798152141	22539	5604909	299070	28129
2480	GCF_000956235.1	64793	324120201	77788	1175369	103610	37912
2899	GCF_000966335.1	7950	807711962	6915	1860920	73682	22275
3084	GCF_000971095.1	8845	1119151626	7593	5202740	91944	27602
3165	GCF_000972845.1	215358	678938134	6014	1034540	25556	68287
3364	GCF_000980195.1	307658	257976923	12136	75377	23133	21806
4020	GCF_001015335.1	35570	971188624	12042	504651	125702	11309
6661	GCF_001077635.1	35019	1424897867	7930	647592	175977	10447
11915	GCF_001186105.1	680683	406468287	7301	1586980	47095	17697
12255	GCF_001194135.1	37653	2338188782	151674	475182	700124	5532
15512	GCF_001263275.1	597456	296954667	27566	1784116	50205	22370
15651	GCF_001266775.1	52670	866963281	29785	1098383	168369	8097
15906	GCF_001272555.1	178035	279505983	4178	2549405	7790	191865
17043	GCF_001298355.1	76193	278436446	63187	1174287	68691	92238
17483	GCF_001313825.1	609295	259665865	14123	1361239	35235	29911
17484	GCF_001313835.1	91411	211202212	3836	521566	19591	29465
21837	GCF_001412515.1	454923	388752668	3968	645483	25534	44932
22719	GCF_001431845.1	198806	1229094286	3753	10060041	34157	109237
23154	GCF_001443285.1	48699	815144743	17988	279200	54625	33278
23156	GCF_001443325.1	48701	801711499	18105	275316	50601	39840
23323	GCF_001447265.1	9172	1036755994	2361	3416708	22666	151865
23329	GCF_001447785.1	146911	2490274461	191500	707733	335470	29574
23998	GCF_001465895.1	105023	1242518059	6013	15858201	74941	19950
24776	GCF_001483705.1	516756	596278454	187611	351926	212650	38936
25948	GCF_001515605.1	1608454	1632718266	85682	1284143	254423	17271
25949	GCF_001515625.1	307959	1655786410	164173	945738	314963	18758
25950	GCF_001515645.1	75366	1750287761	31277	1156368	168074	29353
26249	GCF_001522545.2	9157	1020310768	1675	71365269	24044	148693
26484	GCF_001527695.2	103944	1673876332	52280	424052	167851	21948
28598	GCF_001577835.1	93934	927656957	2531	2975000	9642	511217
29290	GCF_001594045.1	520822	291257934	1550	2037154	32977	15290
29291	GCF_001594055.1	64791	267973152	4623	1333945	16065	52131
29292	GCF_001594065.1	456900	300316566	15379	1159032	26005	74312
29293	GCF_001594075.1	471704	369438293	19761	760749	60583	29356
29294	GCF_001594115.1	34720	291747019	5836	2520094	37588	14962
29570	GCF_001604755.1	321398	1079577334	4612	4972619	23501	141849
29579	GCF_001604975.1	1737458	2717703182	7156	5274112	140597	41196
30454	GCF_001624265.1	113540	777359276	4819	5965175	55899	30793
30474	GCF_001625305.1	7741	426123519	2308	2325619	20267	47280
31764	GCF_001660625.1	7998	783274721	9975	7726806	34544	77201
31887	GCF_001663975.1	8355	2718433805	108033	136570856	324061	19713
32636	GCF_001682695.1	42514	1285352492	283518	1440044	325620	57732
32825	GCF_001687245.1	28612	1113962544	86670	62643	139583	19348
37645	GCF_001857705.1	9691	2578019207	50377	21701857	265330	20993
38985	GCF_001891065.1	109280	493775940	37377	2034572	60478	39546
41349	GCF_001952655.1	43700	684144148	20622	2106322	71879	22239
47708	GCF_002102435.1	9874	2380505687	17026	850721	48653	122019
58807	GCF_900095145.1	10093	2475012951	2581	111406228	133720	29465
