	refseq	taxid	total_length	scaffold_count	scaffold_N50	contig_count	contig_N50
7	GCF_000003195.3	4558	709344700	869	68658214	4775	1310030
10	GCF_000004255.2	81972	206822858	696	24464547	3646	227391
11	GCF_000004515.4	3847	978971636	1191	48577505	17146	182849
12	GCF_000005005.2	4577	2135083061	598	10525104	2789	1279870
13	GCF_000005505.2	15368	272132505	28	59384932	486	6404379
126	GCF_000263155.2	4555	405868399	337	47252588	6779	126273
215	GCF_000340665.1	3821	592970700	36536	555764	72923	22480
221	GCF_000346465.2	3760	227569171	192	27368013	2531	255210
284	GCF_000511025.2	3555	566550431	40406	2013180	71208	26532
308	GCF_000611645.1	145388	69711829	6720	15659	12077	9150
310	GCF_000612285.1	29729	1694597732	75419	121339338	121185	71980
551	GCF_000710875.1	4072	2935884163	6478	1482743	108799	74727
952	GCF_000816755.2	130454	1353504219	997	6169993	112021	24488
979	GCF_000817695.2	130453	1084261490	3189	1068268	130694	24692
1133	GCF_000826755.1	326968	437753511	5897	301045	28947	33947
3604	GCF_000987745.1	3635	2189140010	9148	70911690	57884	78306
12060	GCF_001190045.1	3914	467300602	37727	1292063	58639	38390
15521	GCF_001263595.1	78828	1064200343	89584	378442	188398	21149
29623	GCF_001605985.1	142615	1008684112	72902	391462	106216	33094
38013	GCF_001865875.1	3871	609203021	14378	702610	55107	48365
38367	GCF_001876935.1	4686	1187538024	11792	131339754	56182	46553
