814
GCF_000006175.1,456320,1736.00,1786.00,1.03
GCF_000006805.1,64091,2663.00,2718.00,1.02
GCF_000007005.1,273057,2879.00,2945.00,1.02
GCF_000007065.1,192952,3414.00,3484.00,1.02
GCF_000007225.1,178306,2386.00,2449.00,1.03
GCF_000007305.1,186497,2047.00,2116.00,1.03
GCF_000007345.1,188937,4634.00,4704.00,1.02
GCF_000008265.1,263820,1614.00,1667.00,1.03
GCF_000008645.1,187420,1803.00,1852.00,1.03
GCF_000008665.1,224325,2420.00,2475.00,1.02
GCF_000009185.1,362976,2722.00,2777.00,1.02
GCF_000009965.1,69014,2290.00,2344.00,1.02
GCF_000011005.1,304371,2994.00,3056.00,1.02
GCF_000011085.1,272569,4198.00,4262.00,1.02
GCF_000011105.1,70601,1871.00,1943.00,1.04
GCF_000011185.1,273116,1596.00,1651.00,1.03
GCF_000011205.1,273063,2821.00,2894.00,1.03
GCF_000011585.1,267377,1767.00,1818.00,1.03
GCF_000012285.1,330779,2296.00,2368.00,1.03
GCF_000012545.1,339860,1573.00,1630.00,1.04
GCF_000013445.1,323259,3361.00,3431.00,1.02
GCF_000013725.1,259564,2468.00,2533.00,1.03
GCF_000015145.1,415426,1726.00,1786.00,1.03
GCF_000015205.1,384616,2008.00,2062.00,1.03
GCF_000015225.1,368408,1908.00,1976.00,1.04
GCF_000015765.1,410358,1860.00,1923.00,1.03
GCF_000015825.1,368407,2484.00,2541.00,1.02
GCF_000015945.1,399550,1647.00,1717.00,1.04
GCF_000016125.1,402880,1869.00,1920.00,1.03
GCF_000016385.1,340102,2315.00,2378.00,1.03
GCF_000016525.1,420247,1754.00,1799.00,1.03
GCF_000016605.1,399549,2348.00,2420.00,1.03
GCF_000017165.1,406327,1730.00,1782.00,1.03
GCF_000017185.1,419665,1537.00,1587.00,1.03
GCF_000017225.1,426368,1836.00,1887.00,1.03
GCF_000017625.1,456442,2566.00,2621.00,1.02
GCF_000017945.1,453591,1500.00,1565.00,1.04
GCF_000018305.1,397948,2050.00,2104.00,1.03
GCF_000018365.1,523850,1986.00,2040.00,1.03
GCF_000018485.1,444158,1864.00,1913.00,1.03
GCF_000019605.1,374847,1696.00,1751.00,1.03
GCF_000020905.1,490899,1438.00,1506.00,1.05
GCF_000021965.1,521011,2765.00,2836.00,1.03
GCF_000022205.1,416348,3517.00,3580.00,1.02
GCF_000022365.1,593117,2169.00,2223.00,1.02
GCF_000022385.1,429572,2818.00,2883.00,1.02
GCF_000022405.1,427317,2727.00,2793.00,1.02
GCF_000022425.1,427318,2779.00,2845.00,1.02
GCF_000022465.1,439386,2763.00,2833.00,1.03
GCF_000022485.1,419942,2877.00,2944.00,1.02
GCF_000022545.1,604354,1965.00,2019.00,1.03
GCF_000023945.1,519442,2968.00,3017.00,1.02
GCF_000023965.1,485914,3289.00,3348.00,1.02
GCF_000023985.1,573064,1599.00,1646.00,1.03
GCF_000024185.1,634498,2206.00,2272.00,1.03
GCF_000024305.1,425944,2815.00,2881.00,1.02
GCF_000024625.1,579137,1740.00,1787.00,1.03
GCF_000024745.1,555311,2711.00,2777.00,1.02
GCF_000025285.1,572546,1838.00,1894.00,1.03
GCF_000025325.1,543526,5049.00,5110.00,1.01
GCF_000025505.1,589924,2534.00,2592.00,1.02
GCF_000025525.1,644281,1835.00,1882.00,1.03
GCF_000025625.1,547559,4139.00,4208.00,1.02
GCF_000025665.1,439481,1570.00,1632.00,1.04
GCF_000025685.1,309800,3916.00,3977.00,1.02
GCF_000025865.1,547558,2018.00,2085.00,1.03
GCF_000026045.1,348780,2789.00,2843.00,1.02
GCF_000063445.1,351160,3119.00,3182.00,1.02
GCF_000069025.1,478009,2721.00,2772.00,1.02
GCF_000091665.1,243232,1807.00,1854.00,1.03
GCF_000092185.1,633148,1416.00,1483.00,1.05
GCF_000092305.1,573063,1483.00,1531.00,1.03
GCF_000092465.1,591019,1634.00,1705.00,1.04
GCF_000144915.1,666510,1529.00,1591.00,1.04
GCF_000145295.1,79929,1749.00,1799.00,1.03
GCF_000147875.1,679926,2833.00,2891.00,1.02
GCF_000148385.1,572478,2466.00,2528.00,1.03
GCF_000151085.1,439481,3089.00,3211.00,1.04
GCF_000151105.2,391623,2234.00,2288.00,1.02
GCF_000151205.2,246969,2283.00,2337.00,1.02
GCF_000151225.1,521002,1652.00,1694.00,1.03
GCF_000151245.1,483214,1643.00,1684.00,1.02
GCF_000152265.2,333146,1929.00,1982.00,1.03
GCF_000166095.1,523846,1345.00,1397.00,1.04
GCF_000172995.2,469382,3835.00,3899.00,1.02
GCF_000175555.1,555311,2684.00,2750.00,1.02
GCF_000179575.2,647113,1622.00,1670.00,1.03
GCF_000186365.1,765177,1395.00,1460.00,1.05
GCF_000187225.1,797209,4246.00,4302.00,1.01
GCF_000189555.1,930945,2591.00,2658.00,1.03
GCF_000189795.1,911116,1620.00,1662.00,1.03
GCF_000189815.1,911117,1535.00,1576.00,1.03
GCF_000189835.1,911118,1567.00,1609.00,1.03
GCF_000189855.1,911119,1602.00,1644.00,1.03
GCF_000189895.1,911121,1557.00,1598.00,1.03
GCF_000189915.1,911122,1816.00,1861.00,1.02
GCF_000189935.1,911123,1861.00,1903.00,1.02
GCF_000189955.1,911124,1823.00,1865.00,1.02
GCF_000189975.1,911125,1713.00,1754.00,1.02
GCF_000189995.1,911126,1717.00,1759.00,1.02
GCF_000190015.1,911127,1675.00,1719.00,1.03
GCF_000190035.1,911128,1738.00,1782.00,1.03
GCF_000190055.1,911129,1699.00,1739.00,1.02
GCF_000190075.1,911130,1713.00,1753.00,1.02
GCF_000190095.1,911131,1774.00,1817.00,1.02
GCF_000190115.1,911132,1810.00,1855.00,1.02
GCF_000190135.1,911133,1792.00,1834.00,1.02
GCF_000190155.1,911134,1721.00,1759.00,1.02
GCF_000190175.1,911135,1674.00,1720.00,1.03
GCF_000190315.1,985053,2402.00,2463.00,1.03
GCF_000191585.1,877455,2500.00,2550.00,1.02
GCF_000193375.1,999630,2153.00,2204.00,1.02
GCF_000194625.1,693661,2123.00,2179.00,1.03
GCF_000195895.1,269797,3832.00,3908.00,1.02
GCF_000195915.1,273075,1571.00,1624.00,1.03
GCF_000195935.2,272844,1933.00,2005.00,1.04
GCF_000196655.1,644295,2324.00,2387.00,1.03
GCF_000196895.1,795797,3732.00,3788.00,1.02
GCF_000204415.1,990316,2952.00,3014.00,1.02
GCF_000204925.1,1006006,1944.00,2015.00,1.04
GCF_000211475.1,342949,1994.00,2066.00,1.04
GCF_000213215.1,933801,2384.00,2451.00,1.03
GCF_000214415.1,880724,1794.00,1839.00,1.03
GCF_000214725.1,868131,2424.00,2483.00,1.02
GCF_000215915.2,1033806,3038.00,3088.00,1.02
GCF_000215995.1,529709,1847.00,1910.00,1.03
GCF_000217715.1,797210,4148.00,4214.00,1.02
GCF_000217995.1,679901,2012.00,2075.00,1.03
GCF_000220175.1,1001994,1867.00,1920.00,1.03
GCF_000220645.1,1053692,1842.00,1888.00,1.02
GCF_000221185.1,1042877,2136.00,2188.00,1.02
GCF_000223395.1,694429,1959.00,2022.00,1.03
GCF_000223905.1,634497,3786.00,3846.00,1.02
GCF_000224475.1,756883,3423.00,3479.00,1.02
GCF_000226975.2,358396,4148.00,4212.00,1.02
GCF_000230715.2,797304,3648.00,3712.00,1.02
GCF_000230735.2,797303,4156.00,4219.00,1.02
GCF_000230955.2,751944,3231.00,3285.00,1.02
GCF_000231015.2,768672,1473.00,1540.00,1.05
GCF_000235565.1,1110509,2449.00,2509.00,1.02
GCF_000235685.2,882090,2061.00,2114.00,1.03
GCF_000237865.1,768065,2823.00,2876.00,1.02
GCF_000241145.1,859192,1910.00,1965.00,1.03
GCF_000242875.2,859350,1715.00,1771.00,1.03
GCF_000243255.1,937775,3031.00,3097.00,1.02
GCF_000243315.1,671065,2733.00,2808.00,1.03
GCF_000243455.1,647171,1844.00,1889.00,1.02
GCF_000245095.1,1132497,2600.00,2665.00,1.02
GCF_000245115.1,1132498,2629.00,2695.00,1.03
GCF_000245135.1,1132499,2611.00,2677.00,1.03
GCF_000245155.1,1132500,2603.00,2670.00,1.03
GCF_000245175.1,1132501,2607.00,2672.00,1.02
GCF_000245195.1,1132502,2599.00,2663.00,1.02
GCF_000245215.1,1132503,2639.00,2706.00,1.03
GCF_000245235.1,1132504,2619.00,2686.00,1.03
GCF_000245255.1,1132505,2612.00,2679.00,1.03
GCF_000245275.1,1132506,2564.00,2630.00,1.03
GCF_000246985.2,523849,2357.00,2409.00,1.02
GCF_000251105.1,1041930,2493.00,2555.00,1.02
GCF_000253055.1,768679,2006.00,2072.00,1.03
GCF_000258515.1,1151117,1841.00,1895.00,1.03
GCF_000259215.1,1132509,3262.00,3316.00,1.02
GCF_000263735.1,1183377,1857.00,1926.00,1.04
GCF_000264495.1,1184251,1451.00,1517.00,1.05
GCF_000265525.1,163003,2085.00,2139.00,1.03
GCF_000275605.1,1185654,2068.00,2136.00,1.03
GCF_000275865.1,28892,2453.00,2512.00,1.02
GCF_000281695.1,406552,3657.00,3722.00,1.02
GCF_000283335.1,1210908,4375.00,4451.00,1.02
GCF_000296615.1,1194088,3019.00,3083.00,1.02
GCF_000299395.1,1229909,1995.00,2046.00,1.03
GCF_000300255.2,1236689,1638.00,1690.00,1.03
GCF_000302455.1,1204725,2530.00,2586.00,1.02
GCF_000304355.2,1201294,2590.00,2644.00,1.02
GCF_000306725.1,1094980,2905.00,2974.00,1.02
GCF_000306765.2,523841,3824.00,3890.00,1.02
GCF_000308215.1,1175296,2606.00,2663.00,1.02
GCF_000317795.1,1056495,1542.00,1604.00,1.04
GCF_000320505.1,1214066,1746.00,1787.00,1.02
GCF_000327485.1,593750,2841.00,2895.00,1.02
GCF_000327505.1,673860,1541.00,1606.00,1.04
GCF_000328285.1,1243180,3135.00,3190.00,1.02
GCF_000328665.1,867904,2583.00,2645.00,1.02
GCF_000328685.1,694430,4103.00,4174.00,1.02
GCF_000328925.1,1027373,3986.00,4085.00,1.02
GCF_000328945.1,1027374,1898.00,1949.00,1.03
GCF_000334895.1,1232219,3276.00,3330.00,1.02
GCF_000336615.1,1227452,4069.00,4154.00,1.02
GCF_000336635.1,1227453,4115.00,4177.00,1.02
GCF_000336655.1,358396,4102.00,4161.00,1.01
GCF_000336675.1,1132509,3363.00,3416.00,1.02
GCF_000336695.1,931277,2850.00,2899.00,1.02
GCF_000336715.1,1227457,3813.00,3877.00,1.02
GCF_000336735.1,1227458,3592.00,3656.00,1.02
GCF_000336755.1,1230453,3838.00,3903.00,1.02
GCF_000336775.1,1227459,3910.00,3974.00,1.02
GCF_000336795.1,1230452,3574.00,3637.00,1.02
GCF_000336815.1,1227461,3827.00,3890.00,1.02
GCF_000336835.1,1227463,3531.00,3588.00,1.02
GCF_000336855.1,1227464,3535.00,3594.00,1.02
GCF_000336875.1,1227465,3364.00,3418.00,1.02
GCF_000336895.1,1230451,4057.00,4136.00,1.02
GCF_000336915.1,1227455,3379.00,3437.00,1.02
GCF_000336935.1,1227456,3871.00,3933.00,1.02
GCF_000336955.1,1227460,3596.00,3662.00,1.02
GCF_000336975.1,1227462,3494.00,3553.00,1.02
GCF_000336995.1,1230454,2968.00,3032.00,1.02
GCF_000337015.1,1230455,3232.00,3301.00,1.02
GCF_000337035.1,1227466,3369.00,3429.00,1.02
GCF_000337055.1,1227467,3132.00,3194.00,1.02
GCF_000337075.1,1227481,2910.00,2974.00,1.02
GCF_000337095.1,1227487,4113.00,4175.00,1.02
GCF_000337115.1,1227489,3744.00,3803.00,1.02
GCF_000337135.1,1227492,3796.00,3856.00,1.02
GCF_000337155.1,1227494,3619.00,3679.00,1.02
GCF_000337175.1,1230459,3835.00,3900.00,1.02
GCF_000337195.1,1227496,4021.00,4083.00,1.02
GCF_000337215.1,1227499,4233.00,4290.00,1.01
GCF_000337235.1,1114856,4574.00,4632.00,1.01
GCF_000337255.1,795797,3613.00,3669.00,1.02
GCF_000337275.1,662476,4239.00,4295.00,1.01
GCF_000337295.1,523841,3818.00,3881.00,1.02
GCF_000337315.1,309800,3755.00,3816.00,1.02
GCF_000337335.1,1227468,3139.00,3199.00,1.02
GCF_000337355.1,1230456,3332.00,3387.00,1.02
GCF_000337375.1,1227482,3191.00,3247.00,1.02
GCF_000337395.1,1227483,3000.00,3060.00,1.02
GCF_000337415.1,1227485,3168.00,3226.00,1.02
GCF_000337435.1,1227486,3238.00,3298.00,1.02
GCF_000337455.1,797114,4330.00,4390.00,1.01
GCF_000337475.1,1230457,3397.00,3471.00,1.02
GCF_000337495.1,1227488,4394.00,4458.00,1.01
GCF_000337515.1,1227490,3098.00,3148.00,1.02
GCF_000337535.1,1227491,4263.00,4326.00,1.01
GCF_000337555.1,29540,4052.00,4111.00,1.01
GCF_000337575.1,1227493,3737.00,3798.00,1.02
GCF_000337595.1,1230458,4188.00,4244.00,1.01
GCF_000337615.1,1227495,3653.00,3717.00,1.02
GCF_000337635.1,797303,4018.00,4073.00,1.01
GCF_000337655.1,797304,3521.00,3577.00,1.02
GCF_000337675.1,1227497,4200.00,4256.00,1.01
GCF_000337695.1,1227498,4183.00,4248.00,1.02
GCF_000337715.1,1227500,3853.00,3913.00,1.02
GCF_000337735.1,1230460,3352.00,3410.00,1.02
GCF_000337755.1,662475,4249.00,4319.00,1.02
GCF_000337775.1,662477,3903.00,3986.00,1.02
GCF_000337795.1,662478,3716.00,3775.00,1.02
GCF_000337815.1,662479,3346.00,3407.00,1.02
GCF_000337835.1,662480,3722.00,3784.00,1.02
GCF_000337855.1,469382,3817.00,3886.00,1.02
GCF_000337875.1,547559,4081.00,4143.00,1.02
GCF_000337895.1,1227454,3335.00,3386.00,1.02
GCF_000337915.1,1227484,3175.00,3232.00,1.02
GCF_000338775.1,1028567,2296.00,2368.00,1.03
GCF_000340315.1,1028566,2260.00,2332.00,1.03
GCF_000350305.1,1054217,1516.00,1569.00,1.03
GCF_000363885.1,1069083,1248.00,1285.00,1.03
GCF_000364745.1,1241935,2556.00,2622.00,1.03
GCF_000371805.1,1069083,1391.00,1438.00,1.03
GCF_000376445.1,797209,4269.00,4328.00,1.01
GCF_000376965.1,523845,1665.00,1708.00,1.03
GCF_000379085.1,1069082,3440.00,3499.00,1.02
GCF_000383975.1,1114856,4613.00,4673.00,1.01
GCF_000385565.1,387631,2237.00,2300.00,1.03
GCF_000400975.1,1261545,2033.00,2082.00,1.02
GCF_000403645.1,1333523,3029.00,3083.00,1.02
GCF_000404165.1,224719,1722.00,1771.00,1.03
GCF_000404225.1,1295009,1865.00,1921.00,1.03
GCF_000421805.1,1121945,3321.00,3385.00,1.02
GCF_000427685.1,926690,3731.00,3806.00,1.02
GCF_000430485.1,913025,2227.00,2281.00,1.02
GCF_000430905.1,1122230,1743.00,1799.00,1.03
GCF_000446015.1,1365176,1871.00,1937.00,1.04
GCF_000447865.2,1071085,2765.00,2819.00,1.02
GCF_000455345.1,1293048,3758.00,3814.00,1.01
GCF_000455365.1,1293047,3613.00,3668.00,1.02
GCF_000470655.1,1033806,3042.00,3094.00,1.02
GCF_000474235.1,1261545,2385.00,2441.00,1.02
GCF_000485535.1,795797,3674.00,3728.00,1.01
GCF_000493245.1,1172566,3519.00,3576.00,1.02
GCF_000495475.1,1324957,3344.00,3397.00,1.02
GCF_000499765.1,1379702,2008.00,2062.00,1.03
GCF_000504205.1,1090322,2947.00,3012.00,1.02
GCF_000504565.1,1417673,3801.00,3863.00,1.02
GCF_000513315.1,1401244,1734.00,1778.00,1.03
GCF_000513435.1,1173487,2343.00,2401.00,1.02
GCF_000513855.1,1150674,1382.00,1450.00,1.05
GCF_000517445.1,582419,2106.00,2160.00,1.03
GCF_000517625.1,797299,3915.00,3977.00,1.02
GCF_000529525.1,1415626,1682.00,1724.00,1.02
GCF_000585495.1,195522,2184.00,2238.00,1.02
GCF_000591055.1,268739,2783.00,2838.00,1.02
GCF_000621965.1,1410664,1712.00,1756.00,1.03
GCF_000632495.1,1160895,2433.00,2512.00,1.03
GCF_000685155.1,1392998,3303.00,3359.00,1.02
GCF_000685395.1,1353246,1998.00,2054.00,1.03
GCF_000685635.1,523841,3677.00,3739.00,1.02
GCF_000690595.1,1416969,3648.00,3707.00,1.02
GCF_000691505.1,1495067,2889.00,2936.00,1.02
GCF_000691865.1,1495314,2356.00,2413.00,1.02
GCF_000698785.1,926571,2847.00,2906.00,1.02
GCF_000700025.1,2248,2307.00,2360.00,1.02
GCF_000710605.1,1455609,4103.00,4165.00,1.02
GCF_000710615.1,1455608,3899.00,3956.00,1.01
GCF_000711215.1,694440,1672.00,1728.00,1.03
GCF_000711905.1,1122233,1610.00,1667.00,1.04
GCF_000723185.1,1407055,1900.00,1955.00,1.03
GCF_000723845.1,114529,3797.00,3860.00,1.02
GCF_000725425.1,1343739,2005.00,2062.00,1.03
GCF_000730175.1,1508454,3383.00,3420.00,1.01
GCF_000731985.1,222984,3645.00,3706.00,1.02
GCF_000734035.1,1344584,2546.00,2602.00,1.02
GCF_000739065.1,1301915,1659.00,1706.00,1.03
GCF_000739555.1,1380430,2812.00,2868.00,1.02
GCF_000739575.1,1448860,3596.00,3661.00,1.02
GCF_000739595.1,413816,3430.00,3495.00,1.02
GCF_000744315.1,1036677,3325.00,3396.00,1.02
GCF_000744455.1,1495336,2464.00,2515.00,1.02
GCF_000745485.1,408577,3202.00,3249.00,1.01
GCF_000746075.1,386456,3222.00,3273.00,1.02
GCF_000746205.1,1498500,2685.00,2757.00,1.03
GCF_000747605.1,43687,2339.00,2411.00,1.03
GCF_000755225.1,1457250,3357.00,3405.00,1.01
GCF_000755245.1,1264579,3616.00,3675.00,1.02
GCF_000762265.1,2162,2395.00,2449.00,1.02
GCF_000765475.1,2226,2417.00,2483.00,1.03
GCF_000769655.1,1505907,2231.00,2283.00,1.02
GCF_000784335.1,1202768,4030.00,4087.00,1.01
GCF_000784355.1,230356,2718.00,2774.00,1.02
GCF_000789255.1,565033,2212.00,2267.00,1.02
GCF_000800805.1,1577791,1434.00,1489.00,1.04
GCF_000812185.1,1410606,1458.00,1509.00,1.03
GCF_000813245.1,697581,1895.00,1961.00,1.03
GCF_000816105.1,1432656,2081.00,2135.00,1.03
GCF_000824705.1,2173,1631.00,1673.00,1.03
GCF_000827835.1,1592728,4026.00,4090.00,1.02
GCF_000828555.1,637915,1843.00,1890.00,1.03
GCF_000828575.1,866790,1786.00,1835.00,1.03
GCF_000949015.1,1293648,1801.00,1855.00,1.03
GCF_000953115.1,2162,2418.00,2475.00,1.02
GCF_000955905.1,1603555,1843.00,1896.00,1.03
GCF_000956175.1,1580092,2083.00,2135.00,1.02
GCF_000966265.1,588319,2301.00,2358.00,1.02
GCF_000968355.1,2287,2752.00,2819.00,1.02
GCF_000968395.1,2287,2762.00,2826.00,1.02
GCF_000968435.1,2287,2746.00,2813.00,1.02
GCF_000969885.1,523844,2662.00,2730.00,1.03
GCF_000969905.1,1434123,3607.00,3679.00,1.02
GCF_000969945.1,1434099,3622.00,3694.00,1.02
GCF_000969965.1,1434103,3445.00,3517.00,1.02
GCF_000969985.1,1434109,3855.00,3933.00,1.02
GCF_000970005.1,1434102,3273.00,3344.00,1.02
GCF_000970025.1,1434108,3549.00,3620.00,1.02
GCF_000970045.1,1434100,3489.00,3559.00,1.02
GCF_000970065.1,1434106,3509.00,3582.00,1.02
GCF_000970085.1,1434120,3995.00,4063.00,1.02
GCF_000970145.1,1434118,4334.00,4402.00,1.02
GCF_000970165.1,1434117,3378.00,3450.00,1.02
GCF_000970185.1,1434115,3353.00,3423.00,1.02
GCF_000970205.1,213585,3427.00,3499.00,1.02
GCF_000970225.1,1434114,3451.00,3521.00,1.02
GCF_000970245.1,1434113,3411.00,3482.00,1.02
GCF_000970265.1,1434111,3330.00,3399.00,1.02
GCF_000970285.1,1434110,4212.00,4283.00,1.02
GCF_000970305.1,1434107,3656.00,3726.00,1.02
GCF_000970325.1,1434104,2311.00,2381.00,1.03
GCF_000978935.1,2209,3353.00,3416.00,1.02
GCF_000978945.1,2209,3354.00,3417.00,1.02
GCF_000978955.1,2209,3335.00,3397.00,1.02
GCF_000978965.1,2209,3410.00,3477.00,1.02
GCF_000979015.1,2209,3321.00,3383.00,1.02
GCF_000979025.1,2209,3298.00,3362.00,1.02
GCF_000979035.1,2209,3375.00,3439.00,1.02
GCF_000979045.1,2209,3383.00,3448.00,1.02
GCF_000979095.1,2209,3290.00,3355.00,1.02
GCF_000979105.1,2209,3354.00,3416.00,1.02
GCF_000979115.1,2209,3280.00,3343.00,1.02
GCF_000979125.1,2209,3360.00,3424.00,1.02
GCF_000979175.1,2209,3355.00,3418.00,1.02
GCF_000979185.1,2209,3300.00,3363.00,1.02
GCF_000979195.1,2209,3384.00,3462.00,1.02
GCF_000979205.1,2209,3430.00,3503.00,1.02
GCF_000979255.1,2209,3364.00,3427.00,1.02
GCF_000979265.1,2209,3472.00,3537.00,1.02
GCF_000979275.1,2209,3365.00,3428.00,1.02
GCF_000979295.1,1483602,3145.00,3207.00,1.02
GCF_000979335.1,2209,3359.00,3423.00,1.02
GCF_000979345.1,2209,3485.00,3551.00,1.02
GCF_000979375.1,2209,3384.00,3448.00,1.02
GCF_000979385.1,1483600,3204.00,3270.00,1.02
GCF_000979415.1,1483596,3285.00,3344.00,1.02
GCF_000979425.1,1483597,3350.00,3412.00,1.02
GCF_000979455.1,1483599,3354.00,3416.00,1.02
GCF_000979475.1,1483598,3357.00,3421.00,1.02
GCF_000979495.1,2209,3403.00,3467.00,1.02
GCF_000979505.1,2209,3352.00,3417.00,1.02
GCF_000979515.1,2209,3344.00,3409.00,1.02
GCF_000979555.1,2209,3356.00,3417.00,1.02
GCF_000979575.1,2209,3340.00,3401.00,1.02
GCF_000979585.1,2209,3324.00,3390.00,1.02
GCF_000979595.1,2209,3416.00,3479.00,1.02
GCF_000979635.1,2209,3410.00,3474.00,1.02
GCF_000979655.1,2209,3226.00,3287.00,1.02
GCF_000979665.1,2209,3376.00,3441.00,1.02
GCF_000979675.1,2209,3394.00,3457.00,1.02
GCF_000979685.1,2209,3387.00,3450.00,1.02
GCF_000979735.1,2209,3391.00,3455.00,1.02
GCF_000979745.1,2209,3264.00,3324.00,1.02
GCF_000979755.1,2209,3388.00,3452.00,1.02
GCF_000979765.1,2209,3380.00,3444.00,1.02
GCF_000979815.1,2209,3374.00,3437.00,1.02
GCF_000979825.1,2209,3383.00,3446.00,1.02
GCF_000979845.1,2209,3345.00,3409.00,1.02
GCF_000979855.1,2209,3349.00,3410.00,1.02
GCF_000979895.1,2209,3283.00,3347.00,1.02
GCF_000979915.1,2209,3331.00,3394.00,1.02
GCF_000979925.1,2209,3341.00,3403.00,1.02
GCF_000979935.1,2209,3319.00,3390.00,1.02
GCF_000979975.1,1483601,3186.00,3251.00,1.02
GCF_000979995.1,2209,3340.00,3417.00,1.02
GCF_000980005.1,2209,3376.00,3444.00,1.02
GCF_000980025.1,2209,3331.00,3394.00,1.02
GCF_000980055.1,2209,3360.00,3425.00,1.02
GCF_000980075.1,2209,3288.00,3351.00,1.02
GCF_000980085.1,2209,3312.00,3373.00,1.02
GCF_000980105.1,2209,3325.00,3379.00,1.02
GCF_000980135.1,2209,3357.00,3422.00,1.02
GCF_000980155.1,2209,3280.00,3343.00,1.02
GCF_000980175.1,2209,3358.00,3421.00,1.02
GCF_000993805.1,1550241,1690.00,1767.00,1.05
GCF_001006045.1,113653,2036.00,2089.00,1.03
GCF_001006085.1,675631,1252.00,1312.00,1.05
GCF_001011115.1,1604004,2200.00,2252.00,1.02
GCF_001017125.1,1550566,2463.00,2519.00,1.02
GCF_001027005.1,796385,3508.00,3583.00,1.02
GCF_001190965.1,35746,3807.00,3872.00,1.02
GCF_001261915.1,1419722,3028.00,3089.00,1.02
GCF_001266655.1,43687,2346.00,2416.00,1.03
GCF_001266675.1,43687,2348.00,2420.00,1.03
GCF_001266695.1,43687,2347.00,2417.00,1.03
GCF_001266715.1,43687,2347.00,2417.00,1.03
GCF_001266735.1,43687,2350.00,2420.00,1.03
GCF_001280425.1,1705562,3873.00,3931.00,1.01
GCF_001280455.1,1765655,3427.00,3484.00,1.02
GCF_001282785.1,1480675,2809.00,2866.00,1.02
GCF_001304615.1,1715806,2711.00,2773.00,1.02
GCF_001305655.1,1604004,2244.00,2295.00,1.02
GCF_001307315.1,699431,2500.00,2556.00,1.02
GCF_001315885.1,1293039,1718.00,1757.00,1.02
GCF_001315945.1,1293041,2310.00,2364.00,1.02
GCF_001316045.1,523847,1828.00,1894.00,1.04
GCF_001316065.1,1198449,1676.00,1734.00,1.03
GCF_001316085.1,1294262,2202.00,2268.00,1.03
GCF_001317345.1,1591054,1957.00,2006.00,1.03
GCF_001368915.1,1476858,3788.00,3847.00,1.02
GCF_001399695.1,507754,1711.00,1762.00,1.03
GCF_001402935.1,312540,1732.00,1783.00,1.03
GCF_001402945.1,507754,1762.00,1816.00,1.03
GCF_001412615.1,1273541,2067.00,2132.00,1.03
GCF_001418715.1,277988,2123.00,2173.00,1.02
GCF_001433455.1,55802,2573.00,2628.00,1.02
GCF_001458655.1,2162,2401.00,2457.00,1.02
GCF_001462205.1,1678448,3062.00,3117.00,1.02
GCF_001462395.1,2309,1669.00,1730.00,1.04
GCF_001469865.1,1544718,3529.00,3584.00,1.02
GCF_001469875.2,1544719,3776.00,3836.00,1.02
GCF_001469955.1,1514971,3906.00,3970.00,1.02
GCF_001477655.1,230361,2255.00,2302.00,1.02
GCF_001481295.1,1769296,1436.00,1493.00,1.04
GCF_001481635.1,2285,2291.00,2363.00,1.03
GCF_001481685.1,940295,1531.00,1597.00,1.04
GCF_001482285.1,1526048,3907.00,3968.00,1.02
GCF_001483125.1,62320,2585.00,2642.00,1.02
GCF_001484195.1,227598,2381.00,2433.00,1.02
GCF_001484685.1,1674923,2070.00,2125.00,1.03
GCF_001485535.1,1765057,3073.00,3123.00,1.02
GCF_001485555.1,1765056,4005.00,4065.00,1.01
GCF_001485575.1,1765055,4192.00,4257.00,1.02
GCF_001488575.1,1407499,3193.00,3244.00,1.02
GCF_001541925.1,1776294,1651.00,1705.00,1.03
GCF_001542905.1,1758255,3131.00,3192.00,1.02
GCF_001548675.1,1609968,2070.00,2112.00,1.02
GCF_001559955.1,2285,2248.00,2319.00,1.03
GCF_001559965.1,2285,2225.00,2297.00,1.03
GCF_001559975.1,2285,2343.00,2416.00,1.03
GCF_001559985.1,2285,2279.00,2353.00,1.03
GCF_001560035.1,2285,2249.00,2321.00,1.03
GCF_001560045.1,2285,2253.00,2323.00,1.03
GCF_001560065.1,2285,2222.00,2294.00,1.03
GCF_001560085.1,2285,2285.00,2357.00,1.03
GCF_001560115.1,2285,2227.00,2301.00,1.03
GCF_001560125.1,2285,2227.00,2299.00,1.03
GCF_001560135.1,2285,2277.00,2352.00,1.03
GCF_001560165.1,2285,2229.00,2300.00,1.03
GCF_001560195.1,2285,2315.00,2387.00,1.03
GCF_001560205.1,2285,2278.00,2348.00,1.03
GCF_001560215.1,2285,2253.00,2324.00,1.03
GCF_001560245.1,2285,2261.00,2333.00,1.03
GCF_001560275.1,2285,2230.00,2303.00,1.03
GCF_001560285.1,2285,2223.00,2294.00,1.03
GCF_001560305.1,2285,2246.00,2318.00,1.03
GCF_001560315.1,2285,2250.00,2322.00,1.03
GCF_001560355.1,2285,2247.00,2318.00,1.03
GCF_001560375.1,2285,2285.00,2355.00,1.03
GCF_001560385.1,2285,2315.00,2387.00,1.03
GCF_001560405.1,2285,2299.00,2370.00,1.03
GCF_001560435.1,2285,2198.00,2266.00,1.03
GCF_001560455.1,2285,2218.00,2290.00,1.03
GCF_001560465.1,2285,2275.00,2349.00,1.03
GCF_001560485.1,2285,2231.00,2300.00,1.03
GCF_001560515.1,2285,2279.00,2349.00,1.03
GCF_001560525.1,2285,2303.00,2376.00,1.03
GCF_001560555.1,2285,2258.00,2329.00,1.03
GCF_001560565.1,2285,2256.00,2332.00,1.03
GCF_001560595.1,2285,2301.00,2373.00,1.03
GCF_001560605.1,2285,2286.00,2362.00,1.03
GCF_001560635.1,2285,2252.00,2323.00,1.03
GCF_001560645.1,2285,2254.00,2326.00,1.03
GCF_001560675.1,2285,2291.00,2360.00,1.03
GCF_001560685.1,2285,2218.00,2289.00,1.03
GCF_001560715.1,2285,2266.00,2340.00,1.03
GCF_001560725.1,2285,2329.00,2400.00,1.03
GCF_001560755.1,2285,2212.00,2278.00,1.03
GCF_001560765.1,2285,2249.00,2319.00,1.03
GCF_001560795.1,2285,2280.00,2351.00,1.03
GCF_001560815.1,2285,2298.00,2369.00,1.03
GCF_001560835.1,2285,2253.00,2324.00,1.03
GCF_001560915.1,1495144,1850.00,1908.00,1.03
GCF_001563245.1,294671,1821.00,1866.00,1.02
GCF_001571385.1,488124,2611.00,2670.00,1.02
GCF_001571405.1,2200,2233.00,2298.00,1.03
GCF_001577775.1,1609559,2130.00,2198.00,1.03
GCF_001592435.1,53952,2026.00,2080.00,1.03
GCF_001593955.1,1008153,3829.00,3887.00,1.02
GCF_001602375.1,528314,2430.00,2487.00,1.02
GCF_001625445.1,1679489,4187.00,4248.00,1.01
GCF_001639265.1,55758,1878.00,1923.00,1.02
GCF_001639275.1,66851,1932.00,1973.00,1.02
GCF_001639285.1,47311,1964.00,2005.00,1.02
GCF_001639295.1,49547,1876.00,1916.00,1.02
GCF_001647085.1,1712654,1908.00,1962.00,1.03
GCF_001647155.1,1622207,4185.00,4242.00,1.01
GCF_001663375.1,1650354,2208.00,2268.00,1.03
GCF_001719125.1,1891280,2643.00,2713.00,1.03
GCF_001723155.1,1897478,4580.00,4645.00,1.01
GCF_001729285.1,1860100,3127.00,3175.00,1.02
GCF_001729375.1,1860098,3277.00,3329.00,1.02
GCF_001729385.1,1860099,1778.00,1813.00,1.02
GCF_001729395.1,1860157,1424.00,1462.00,1.03
GCF_001729455.1,1860156,1652.00,1689.00,1.02
GCF_001729965.1,1561964,1598.00,1648.00,1.03
GCF_001748385.1,867917,2086.00,2146.00,1.03
GCF_001767315.1,1873524,2035.00,2087.00,1.03
GCF_001861355.1,1869245,4204.00,4265.00,1.01
GCF_001886955.1,1873524,2129.00,2184.00,1.03
GCF_001888095.1,523843,2026.00,2083.00,1.03
GCF_001889405.1,2177,2041.00,2099.00,1.03
GCF_001950595.1,1906246,2670.00,2723.00,1.02
GCF_001953745.1,301967,3813.00,3883.00,1.02
GCF_001971705.1,588898,3697.00,3755.00,1.02
GCF_001989615.1,1932360,3803.00,3895.00,1.02
GCF_002025255.1,1853690,3441.00,3497.00,1.02
GCF_002072215.1,1300164,1932.00,1978.00,1.02
GCF_002077075.2,1650659,1600.00,1652.00,1.03
GCF_002078205.2,1650660,2340.00,2420.00,1.03
GCF_002078355.1,74969,1814.00,1867.00,1.03
GCF_002114285.1,1121945,3321.00,3390.00,1.02
GCF_002135005.1,1855863,3078.00,3136.00,1.02
GCF_002135045.1,1855873,3029.00,3091.00,1.02
GCF_002153915.1,1927129,1524.00,1577.00,1.03
GCF_002156705.1,745377,3661.00,3720.00,1.02
GCF_002156965.1,1898749,1638.00,1691.00,1.03
GCF_002177135.1,253108,3709.00,3769.00,1.02
GCF_002194565.1,1273541,2070.00,2132.00,1.03
GCF_002197185.1,2008440,2012.00,2064.00,1.03
GCF_002201915.1,1937004,1542.00,1586.00,1.03
GCF_002208625.1,387957,1613.00,1659.00,1.03
GCF_002214165.1,1920749,1001.00,1058.00,1.06
GCF_002214365.1,2264,1963.00,2017.00,1.03
GCF_002214385.1,71997,1826.00,1880.00,1.03
GCF_002214465.1,54077,2048.00,2102.00,1.03
GCF_002214485.1,71998,1920.00,1974.00,1.03
GCF_002214505.1,72803,2150.00,2203.00,1.02
GCF_002214525.1,122420,1619.00,1671.00,1.03
GCF_002214545.1,277988,2267.00,2321.00,1.02
GCF_002214565.1,187880,2036.00,2090.00,1.03
GCF_002214585.1,49899,2127.00,2181.00,1.03
GCF_002214605.1,54262,2116.00,2171.00,1.03
GCF_002215285.1,2247,3134.00,3194.00,1.02
GCF_002215305.1,2247,3432.00,3499.00,1.02
GCF_002215405.1,2285,2282.00,2354.00,1.03
GCF_002215445.1,2285,2348.00,2420.00,1.03
GCF_002215485.1,2285,2373.00,2445.00,1.03
GCF_002215525.1,2285,2309.00,2381.00,1.03
GCF_002215565.1,2285,2302.00,2374.00,1.03
GCF_002243045.1,1874706,2897.00,2958.00,1.02
GCF_002252585.1,2173,1771.00,1816.00,1.03
GCF_002252725.1,337243,3438.00,3503.00,1.02
GCF_002252735.1,337243,4022.00,4100.00,1.02
GCF_002252745.1,1383850,2613.00,2654.00,1.02
GCF_002252755.1,1480728,3519.00,3579.00,1.02
GCF_002252805.1,337243,3152.00,3207.00,1.02
GCF_002252815.1,337243,2938.00,2992.00,1.02
GCF_002252835.1,337243,3329.00,3385.00,1.02
GCF_002252865.1,337243,1950.00,1982.00,1.02
GCF_002252875.1,337243,3068.00,3121.00,1.02
GCF_002252895.1,1383843,3346.00,3400.00,1.02
GCF_002252925.1,1383841,3461.00,3519.00,1.02
GCF_002252965.1,1480718,3636.00,3691.00,1.02
GCF_002252985.1,1383851,3112.00,3177.00,1.02
GCF_002286985.1,2032630,3256.00,3316.00,1.02
GCF_002287175.1,2161,3251.00,3301.00,1.02
GCF_002287195.1,1077256,1643.00,1683.00,1.02
GCF_002287215.1,2193,1741.00,1796.00,1.03
GCF_002287235.1,1036679,3839.00,3908.00,1.02
GCF_002355635.1,1048396,2926.00,3000.00,1.03
GCF_002355655.1,29284,2935.00,2994.00,1.02
GCF_002379115.1,335819,3423.00,3494.00,1.02
GCF_002487355.1,2035255,3835.00,3887.00,1.01
GCF_002494345.1,373386,4264.00,4330.00,1.02
GCF_002572525.1,1608465,4710.00,4780.00,1.01
GCF_002727095.1,1383842,3580.00,3649.00,1.02
GCF_002727125.1,1383844,3265.00,3322.00,1.02
GCF_002761295.1,39664,2097.00,2158.00,1.03
GCF_002787055.1,1846278,1963.00,2020.00,1.03
GCF_002788215.1,1073996,3298.00,3353.00,1.02
GCF_002813085.1,2173,1718.00,1763.00,1.03
GCF_002813655.1,913102,2330.00,2381.00,1.02
GCF_002813675.1,1911685,2402.00,2455.00,1.02
GCF_002813695.1,59277,2406.00,2459.00,1.02
GCF_002844195.1,1985678,4303.00,4366.00,1.01
GCF_002844335.1,1932004,3669.00,3730.00,1.02
GCF_002855455.1,797304,3567.00,3621.00,1.02
GCF_002906215.1,2045011,1685.00,1741.00,1.03
GCF_002906575.1,755307,4545.00,4604.00,1.01
GCF_002945325.1,39152,1825.00,1872.00,1.03
GCF_002952775.1,2055893,3226.00,3280.00,1.02
GCF_002973515.1,51203,1893.00,1949.00,1.03
GCF_003045125.1,1410606,1472.00,1523.00,1.03
GCF_003052125.1,39152,1826.00,1871.00,1.02
GCF_003058365.1,1679096,2599.00,2669.00,1.03
GCF_003111605.1,190976,1595.00,1639.00,1.03
GCF_003111625.1,190975,2107.00,2156.00,1.02
GCF_003116855.1,2027460,1931.00,1991.00,1.03
GCF_003149675.1,1077256,1606.00,1663.00,1.04
GCF_003173335.1,1277351,3550.00,3611.00,1.02
GCF_003173355.1,668570,3418.00,3473.00,1.02
GCF_003175215.1,718286,2034.00,2084.00,1.02
GCF_003201675.1,79601,2443.00,2513.00,1.03
GCF_003201765.1,619593,2321.00,2391.00,1.03
GCF_003201835.1,41673,2910.00,2982.00,1.02
GCF_003205235.1,2094122,1761.00,1814.00,1.03
GCF_003264935.1,680118,1588.00,1635.00,1.03
GCF_003265405.1,2317,1538.00,1581.00,1.03
GCF_003268005.1,1789762,2190.00,2237.00,1.02
GCF_003269155.1,1465461,536.00,558.00,1.04
GCF_003287355.1,2249761,3351.00,3405.00,1.02
GCF_003298465.1,29295,5250.00,5323.00,1.01
GCF_003336245.1,1126245,3425.00,3502.00,1.02
GCF_003342675.1,1547898,3736.00,3797.00,1.02
GCF_003342695.1,1547899,3491.00,3559.00,1.02
GCF_003344565.1,2282654,4394.00,4461.00,1.02
GCF_003351065.1,1236180,3695.00,3754.00,1.02
GCF_003369835.1,660515,4146.00,4205.00,1.01
GCF_003382685.1,1710536,3541.00,3595.00,1.02
GCF_003382985.1,2077201,3886.00,3944.00,1.01
GCF_003383005.1,2077200,3812.00,3873.00,1.02
GCF_003383015.1,2077198,3536.00,3588.00,1.01
GCF_003383025.1,2077206,4001.00,4062.00,1.02
GCF_003383065.1,2077199,3748.00,3808.00,1.02
GCF_003383085.1,2077202,3864.00,3921.00,1.01
GCF_003383095.1,2077203,3921.00,3982.00,1.02
GCF_003383195.1,2077205,4215.00,4284.00,1.02
GCF_003385755.1,49339,1775.00,1819.00,1.02
GCF_003400025.1,13773,2342.00,2407.00,1.03
GCF_003400145.1,13773,2409.00,2475.00,1.03
GCF_003430805.1,2086290,3669.00,3736.00,1.02
GCF_003430825.1,2044521,3574.00,3639.00,1.02
GCF_003431325.1,1577685,1525.00,1587.00,1.04
GCF_003439925.1,2283527,3437.00,3500.00,1.02
GCF_003586325.1,2077204,4162.00,4219.00,1.01
GCF_003589585.1,2026714,2165.00,2214.00,1.02
GCF_003602035.1,2321230,3708.00,3763.00,1.01
GCF_003605575.1,2216978,2508.00,2560.00,1.02
GCF_003605635.1,268735,2942.00,2997.00,1.02
GCF_003610195.1,148449,4508.00,4564.00,1.01
GCF_003634715.1,182779,4287.00,4353.00,1.02
GCF_003665865.1,2282134,3820.00,3880.00,1.02
GCF_003665885.1,2282135,4127.00,4195.00,1.02
GCF_003665905.1,2282133,3820.00,3880.00,1.02
GCF_003665925.1,2282131,3584.00,3637.00,1.01
GCF_003665935.1,2282130,3172.00,3239.00,1.02
GCF_003665955.1,2282129,3243.00,3309.00,1.02
GCF_003665985.1,2282132,4064.00,4125.00,1.02
GCF_003666005.1,2282127,3779.00,3849.00,1.02
GCF_003666015.1,2282128,3820.00,3887.00,1.02
GCF_003666025.1,2282126,3217.00,3276.00,1.02
GCF_003666065.1,2282125,4422.00,4512.00,1.02
GCF_003670115.1,1702106,4382.00,4445.00,1.01
GCF_003675855.1,1547897,3719.00,3776.00,1.02
GCF_003675875.1,2448456,4004.00,4063.00,1.01
GCF_003688715.1,660522,3505.00,3573.00,1.02
GCF_003697815.1,2480581,3620.00,3681.00,1.02
GCF_003697845.1,2480582,3395.00,3453.00,1.02
GCF_003711245.1,1291540,1633.00,1687.00,1.03
GCF_003721175.1,1853682,3098.00,3159.00,1.02
GCF_003721435.1,1853699,3571.00,3638.00,1.02
GCF_003722055.1,2177,2040.00,2096.00,1.03
GCF_003722075.1,2485783,1994.00,2053.00,1.03
GCF_003722095.1,2487041,2628.00,2679.00,1.02
GCF_003722115.1,523843,2097.00,2153.00,1.03
GCF_003722155.1,51203,1905.00,1959.00,1.03
GCF_003730195.1,1710538,4695.00,4754.00,1.01
GCF_003781945.1,2485838,3540.00,3600.00,1.02
GCF_003814835.1,1122229,1844.00,1884.00,1.02
GCF_003841465.1,1679083,4223.00,4277.00,1.01
GCF_003841485.1,1679091,3329.00,3384.00,1.02
GCF_003841505.1,1679083,4185.00,4243.00,1.01
GCF_003852095.1,2287,2649.00,2715.00,1.02
GCF_003852135.1,2287,2661.00,2727.00,1.02
GCF_003852155.1,2287,2649.00,2715.00,1.02
GCF_003852175.1,2287,2650.00,2716.00,1.02
GCF_003852195.1,2287,2661.00,2727.00,1.02
GCF_003852215.1,2287,2661.00,2727.00,1.02
GCF_003856835.1,660522,3521.00,3584.00,1.02
GCF_003862495.1,671145,3354.00,3407.00,1.02
GCF_003947435.1,2478471,3027.00,3087.00,1.02
GCF_003948265.1,498846,1830.00,1883.00,1.03
GCF_003967175.1,1670455,2159.00,2226.00,1.03
GCF_003977755.1,2491022,4562.00,4619.00,1.01
GCF_003990725.1,634157,2701.00,2761.00,1.02
GCF_003992375.1,57705,3299.00,3357.00,1.02
GCF_003992425.1,575195,3981.00,4040.00,1.01
GCF_004015825.1,2500550,3532.00,3608.00,1.02
GCF_004087835.1,2505977,3360.00,3423.00,1.02
GCF_004099695.1,2507075,2918.00,2980.00,1.02
GCF_004102725.1,1550565,2665.00,2724.00,1.02
GCF_004104135.1,2491675,1963.00,2023.00,1.03
GCF_004114375.1,2497325,3333.00,3404.00,1.02
GCF_004116405.1,2071624,4552.00,4608.00,1.01
GCF_004118325.1,2479928,4025.00,4088.00,1.02
GCF_004126515.1,337243,3521.00,3602.00,1.02
GCF_900003505.1,1407499,3248.00,3301.00,1.02
GCF_900003515.1,1407499,3228.00,3282.00,1.02
GCF_900003525.1,1407499,3237.00,3290.00,1.02
GCF_900003565.1,1407499,3232.00,3282.00,1.02
GCF_900003575.1,1407499,3251.00,3304.00,1.02
GCF_900004275.1,1407499,3241.00,3292.00,1.02
GCF_900005775.1,1407499,3250.00,3305.00,1.02
GCF_900012635.1,54262,2130.00,2185.00,1.03
GCF_900036045.1,86622,2316.00,2370.00,1.02
GCF_900064395.1,2265,2221.00,2274.00,1.02
GCF_900069765.1,2234,2266.00,2324.00,1.03
GCF_900079115.1,2287,2994.00,3060.00,1.02
GCF_900079125.1,83986,2446.00,2502.00,1.02
GCF_900090055.1,1673428,1852.00,1905.00,1.03
GCF_900095295.1,118062,2341.00,2400.00,1.03
GCF_900095385.1,118126,2605.00,2661.00,1.02
GCF_900095815.1,145261,1703.00,1753.00,1.03
GCF_900100335.1,1095776,4397.00,4453.00,1.01
GCF_900100385.1,890420,3179.00,3241.00,1.02
GCF_900100715.1,38026,2790.00,2851.00,1.02
GCF_900100875.1,1236180,3721.00,3780.00,1.02
GCF_900102305.1,660518,3966.00,4046.00,1.02
GCF_900103505.1,996166,3623.00,3681.00,1.02
GCF_900103715.1,660521,3708.00,3767.00,1.02
GCF_900104065.1,1095778,3961.00,4016.00,1.01
GCF_900106715.1,28442,3864.00,3948.00,1.02
GCF_900106905.1,2177,2049.00,2114.00,1.03
GCF_900107195.1,660517,3551.00,3608.00,1.02
GCF_900107205.1,1048396,3186.00,3254.00,1.02
GCF_900107665.1,555874,2855.00,2916.00,1.02
GCF_900108095.1,640943,3570.00,3635.00,1.02
GCF_900108165.1,699433,3578.00,3631.00,1.01
GCF_900108505.1,1267564,2986.00,3045.00,1.02
GCF_900109065.1,1073996,3251.00,3306.00,1.02
GCF_900109425.1,277988,2269.00,2321.00,1.02
GCF_900109595.1,190974,1839.00,1882.00,1.02
GCF_900109695.1,302484,3806.00,3866.00,1.02
GCF_900110215.1,1367881,4761.00,4845.00,1.02
GCF_900110455.1,1202768,3985.00,4045.00,1.02
GCF_900110465.1,660520,4869.00,4936.00,1.01
GCF_900110535.1,355548,2990.00,3041.00,1.02
GCF_900110865.1,1186196,4563.00,4624.00,1.01
GCF_900111485.1,392421,3815.00,3874.00,1.02
GCF_900111645.1,1353158,2226.00,2292.00,1.03
GCF_900111935.1,35743,2955.00,3011.00,1.02
GCF_900112175.1,553469,4095.00,4154.00,1.01
GCF_900112205.1,148448,4214.00,4282.00,1.02
GCF_900113245.1,553467,3552.00,3609.00,1.02
GCF_900114025.1,44930,3578.00,3636.00,1.02
GCF_900114435.1,767519,3983.00,4053.00,1.02
GCF_900114455.1,553466,4447.00,4524.00,1.02
GCF_900114585.1,294671,1760.00,1799.00,1.02
GCF_900114835.1,487685,2894.00,2957.00,1.02
GCF_900115675.1,699431,3086.00,3142.00,1.02
GCF_900115785.1,555875,3560.00,3622.00,1.02
GCF_900116205.1,619731,3867.00,3922.00,1.01
GCF_900129775.1,43928,3076.00,3130.00,1.02
GCF_900142335.1,797209,4243.00,4297.00,1.01
GCF_900143675.1,1499975,1855.00,1910.00,1.03
GCF_900156425.1,553468,4609.00,4667.00,1.01
GCF_900156445.1,588898,3692.00,3747.00,1.01
GCF_900156475.1,308853,3987.00,4054.00,1.02
GCF_900167955.1,1903277,1775.00,1830.00,1.03
GCF_900176435.1,1122961,1581.00,1635.00,1.03
GCF_900177455.1,523843,2094.00,2154.00,1.03
GCF_900188065.1,63740,3199.00,3267.00,1.02
GCF_900188075.1,335819,3447.00,3516.00,1.02
GCF_900196725.1,1392998,3546.00,3605.00,1.02
GCF_900198835.1,2016361,2315.00,2367.00,1.02
GCF_900215215.1,51203,1960.00,2018.00,1.03
GCF_900215575.1,558529,3203.00,3259.00,1.02
GCF_900289035.1,66851,1940.00,1981.00,1.02
