	refseq	taxid	total_length	scaffold_count	scaffold_N50	contig_count	contig_N50
10	GCF_000004255.2	81972	206822858	696	24464547	3646	227391
11	GCF_000004515.4	3847	978971636	1191	48577505	17146	182849
215	GCF_000340665.1	3821	592970700	36536	555764	72923	22480
221	GCF_000346465.2	3760	227569171	192	27368013	2531	255210
284	GCF_000511025.2	3555	566550431	40406	2013180	71208	26532
310	GCF_000612285.1	29729	1694597732	75419	121339338	121185	71980
551	GCF_000710875.1	4072	2935884163	6478	1482743	108799	74727
952	GCF_000816755.2	130454	1353504219	997	6169993	112021	24488
979	GCF_000817695.2	130453	1084261490	3189	1068268	130694	24692
1133	GCF_000826755.1	326968	437753511	5897	301045	28947	33947
3604	GCF_000987745.1	3635	2189140010	9148	70911690	57884	78306
12060	GCF_001190045.1	3914	467300602	37727	1292063	58639	38390
38013	GCF_001865875.1	3871	609203021	14378	702610	55107	48365
