	refseq	taxid	total_length	scaffold_count	scaffold_N50	contig_count	contig_N50
25	GCF_000149955.1	426428	61386934	114	1976106	1362	95416
26	GCF_000150975.2	535722	23272942	19	3227799	319	146432
57	GCF_000182565.1	645134	24131112	38	1465700	329	155888
199	GCF_000303195.2	1028729	36973259	281	8840934	685	186303
205	GCF_000328475.2	237631	19664356	27	884984	254	129796
283	GCF_000507465.1	1296122	22654511	62	1048156	105	521798
286	GCF_000512565.1	1296121	23862392	13	2116304	69	591206
287	GCF_000512585.1	1296100	24360772	12	3422270	42	987134
288	GCF_000512605.1	1296096	20828584	18	1626097	42	1043326
1418	GCF_000835455.1	1442368	34688880	11	4532703	98	973377
1419	GCF_000835475.1	1442370	36722552	60	1665677	140	607153
1420	GCF_000835495.1	569365	43029152	277	6030834	363	816841
1421	GCF_000835505.1	348802	31405760	15	5039080	64	1212368
1422	GCF_000835515.1	215243	38224514	143	3385568	287	973116
1423	GCF_000835555.1	1442369	32474431	17	3817196	130	577963
1432	GCF_000836115.1	91928	32912349	28	3791951	143	504725
1435	GCF_000836275.1	212818	29273723	9	5104443	64	847283
1436	GCF_000836295.1	253628	31780469	367	572008	565	331112
1439	GCF_000836435.1	1442371	33447075	67	963319	133	463212
4551	GCF_001027345.1	879819	19835558	180	216041	221	159730
18135	GCF_001329695.1	578459	21013998	26	1420730	322	167431
25509	GCF_001500285.1	149040	48876257	71	1331786	345	372842
30269	GCF_001619985.1	1328760	24337763	27	1905886	125	360689
30859	GCF_001638985.1	763407	53939167	80	1515579	350	370394
30987	GCF_001642045.1	1460663	38464024	61	3130344	445	447950
30988	GCF_001642055.1	5599	32990834	79	1097884	91	1097884
31788	GCF_001661235.1	763406	11582150	10	1676949	144	472039
31789	GCF_001661255.1	683960	14145566	46	2188197	222	185283
31790	GCF_001661265.1	698492	14136186	35	436079	97	289829
31791	GCF_001661335.1	984486	15221050	49	933105	211	198400
31792	GCF_001661345.1	1344418	17503998	63	1035938	326	171347
31793	GCF_001661395.1	984485	12403110	27	1853527	243	114103
31794	GCF_001661405.1	983966	13018415	76	700888	392	111555
31795	GCF_001661415.1	984487	13136204	16	1512535	249	183924
31835	GCF_001662655.1	342668	30174856	151	446342	313	255240
38980	GCF_001890905.1	690307	35424414	660	1634707	852	256127
