	refseq	taxid	total_length	scaffold_count	scaffold_N50	contig_count	contig_N50
8	GCF_000002775.4	3694	434289848	1694	2158892	8318	552806
10	GCF_000003195.3	4558	709344700	869	68658214	4775	1310030
12	GCF_000004255.2	81972	206822858	696	24464547	3646	227391
13	GCF_000004515.5	3847	979046046	1579	4417540	17187	182849
14	GCF_000005005.2	4577	2135083061	598	10525104	2789	1279870
15	GCF_000005505.3	15368	271298618	15	30223662	36	21988513
165	GCF_000340665.1	3821	592970700	36536	555764	72923	22480
173	GCF_000346465.2	3760	227569171	192	27368013	2531	255210
413	GCF_000686985.2	3708	976190593	1471	45943547	34110	55443
551	GCF_000816755.2	130454	1353504219	997	6169993	112021	24488
553	GCF_000817695.2	130453	1084261490	3189	1068268	130694	24692
1950	GCF_001531365.1	59895	725197765	13588	125941	73428	19399
4771	GCF_001605985.1	142615	1008684112	72902	391462	106216	33094
6844	GCF_001659605.1	3983	582278977	2020	28119335	39916	26702
13066	GCF_001865875.1	3871	609203021	14378	702610	55107	48365
13415	GCF_001876935.1	4686	1187538024	11792	131339754	56182	46553
23820	GCF_002127325.1	4232	3027844889	1528	178899001	13954	414085
27327	GCF_002211085.1	206008	535889049	1027	1111465	1027	1111465
