	refseq	taxid	total_length	scaffold_count	scaffold_N50	contig_count	contig_N50
0	GCF_000001405.38	9606	3257319537	874	59364414	1535	56413054
1	GCF_000001635.26	10090	2818974548	336	52589046	885	32273079
3	GCF_000002035.6	7955	1679203469	2848	4737936	20680	854399
4	GCF_000002315.5	9031	1065365425	525	20785086	1403	17655422
5	GCF_000002335.3	7070	165944485	2149	4456720	7059	73049
9	GCF_000003025.6	9823	2501912388	706	88231837	1118	48231277
11	GCF_000004195.3	8364	1440398454	6822	135134832	61330	71041
32	GCF_000165445.2	30608	2487409138	7678	108171978	50984	210702
41	GCF_000181335.3	9685	2521863845	4525	83967707	4909	41915695
57	GCF_000222465.1	70779	447497157	2421	483559	54401	10915
97	GCF_000264685.3	9555	2959373024	71135	585721	118811	149817
168	GCF_000344095.2	37344	155841210	712	943070	936	571016
175	GCF_000347755.3	7213	436490799	2355	1665634	3243	845931
181	GCF_000365465.2	114398	1445396121	16533	4055356	263908	10147
184	GCF_000390285.2	217634	706968555	9867	678234	26749	80490
216	GCF_000500325.1	7539	641992784	26908	139046	45556	46596
240	GCF_000591075.1	88015	389032277	6171	252275	14526	67724
242	GCF_000599845.2	7493	187641947	925	1825723	1475	573774
247	GCF_000612105.2	222816	186398216	1789	612083	2037	508621
408	GCF_000648655.2	29053	553956141	4840	1210516	31515	40744
409	GCF_000648675.2	79782	510848842	1574	1637644	2869	552423
410	GCF_000648695.1	166361	267079363	5821	337157	10620	101202
412	GCF_000671375.1	218467	925474958	8338	537465	35614	52294
420	GCF_000696795.2	286706	998240896	16639	393089	20771	254075
421	GCF_000697945.2	133901	274989634	18479	438040	34226	24913
423	GCF_000699045.2	224129	353072773	3613	1113421	23186	28329
424	GCF_000699065.1	7375	378290214	5858	275862	11857	94823
501	GCF_000764305.1	294128	550885727	18000	215427	23426	114415
613	GCF_000952055.2	37293	2861684817	28922	8268663	112851	126456
921	GCF_001483705.1	516756	596278454	187611	351926	212650	38936
1539	GCF_001522545.2	9157	1020310768	1675	71365269	24044	148693
1776	GCF_001527695.2	103944	1673876332	52280	424052	167851	21948
3796	GCF_001577835.1	93934	927656957	2531	2975000	9642	511217
4439	GCF_001594045.1	520822	291257934	1550	2037154	32977	15290
4440	GCF_001594055.1	64791	267973152	4623	1333945	16065	52131
4441	GCF_001594065.1	456900	300316566	15379	1159032	26005	74312
4442	GCF_001594075.1	471704	369438293	19761	760749	60583	29356
4443	GCF_001594115.1	34720	291747019	5836	2520094	37588	14962
4718	GCF_001604755.1	321398	1079577334	4612	4972619	23501	141849
4727	GCF_001604975.1	1737458	2717703182	7156	5274112	140597	41196
5605	GCF_001624265.1	113540	777359276	4819	5965175	55899	30793
5624	GCF_001625305.1	7741	426123519	2308	2325619	20267	47280
6888	GCF_001660625.1	7998	783274721	9975	7726806	34544	77201
7010	GCF_001663975.1	8355	2718433805	108033	136570856	324061	19713
7749	GCF_001682695.1	42514	1285352492	283518	1440044	325620	57732
7930	GCF_001687245.1	28612	1113962544	86670	62643	139583	19348
12700	GCF_001857705.1	9691	2578019207	50377	21701857	265330	20993
14023	GCF_001891065.1	109280	493775940	37377	2034572	60478	39546
16242	GCF_001949145.1	133434	383860178	1766	1521119	18089	49680
16386	GCF_001952655.1	43700	684144148	20622	2106322	71879	22239
22747	GCF_002102435.1	9874	2380505687	17026	850721	48653	122019
25156	GCF_002156985.1	29058	337087553	998	1000414	24552	23474
30335	GCF_002288905.1	34882	2455276666	6771	38751465	29592	244529
30336	GCF_002288925.1	9749	2358522448	6972	19885328	35370	159142
34222	GCF_002532875.1	62625	365585945	4881	233810	8241	96009
36483	GCF_002706865.1	69820	438956275	3598	915465	13637	68350
38956	GCF_002837175.1	9755	2517760647	59238	37183148	105460	119918
40481	GCF_002880755.1	9598	3050398082	4432	53103722	5061	12268567
40482	GCF_002880775.1	9601	3065052215	5300	98475126	5814	11074009
42722	GCF_002940915.1	9430	2063808397	29801	26869735	84109	80250
46147	GCF_003031525.1	189058	2284628084	13699	6341296	66346	86003
51510	GCF_003265705.1	34884	2706868872	14230	31506801	52955	133024
59468	GCF_003584765.1	9644	2328659882	6673	36708181	22245	314844
61563	GCF_003676075.1	93162	2582142248	32915	17178480	71488	130359
61572	GCF_003676395.1	90247	2334467171	5422	28371583	21793	255779
76743	GCF_900094665.1	10089	2553128900	3163	122627250	136968	30916
76788	GCF_900095145.1	10093	2475012951	2581	111406228	133720	29465
85956	GCF_900246225.1	8154	880445564	249	38669361	739	4438245
