9601
9785
441960
10116
13616
9796
126793
3218
184922
185431
28985
4952
284593
3055
330879
344612
5833
412133
5061
487148
4896
6279
352914
441959
548480
455631
5874
336963
10224
9986
526973
29760
7739
306902
559298
526997
526994
6087
9646
6238
9483
44689
670386
744533
7217
7220
7222
7230
7234
7238
7244
5823
7165
398511
7260
7245
456320
561896
332952
121224
294747
5851
423536
353151
4959
441375
306537
273119
187410
155864
243161
160492
243277
208964
64091
272843
242231
272623
170187
190650
266834
194439
273057
272944
171101
192952
273068
264203
224914
190485
190486
182082
183190
208435
186103
186497
190304
188937
198804
198215
198466
199310
203267
204722
206672
209261
242619
227941
212717
176280
281090
267671
243365
224915
221988
226185
223283
226900
198094
262316
229193
235279
167539
233412
222523
163164
257363
257314
321314
262724
262698
260799
243275
262719
262722
262723
263820
265669
265311
243233
267747
267748
292805
295358
279010
261594
283942
272624
281309
85962
243274
243230
83331
224324
187420
224325
272561
115713
272562
85963
122586
386585
36870
362948
205913
177416
273036
255470
224308
214092
192222
122587
267608
228410
316273
362976
272563
216595
376619
216596
381666
382638
393115
393305
393595
160491
396513
416870
410289
272831
216591
550537
550538
218495
469008
523796
107806
266835
158879
158878
195102
103690
1148
196600
235909
247156
66692
262768
279808
484021
292459
295405
264202
69014
342108
557433
342109
138119
269084
343509
234621
342451
334390
358681
334413
334380
340322
316407
583346
378753
379066
387092
387093
409438
412965
367928
418127
426430
431946
431947
438753
395019
458233
455632
449447
511995
573370
561275
486410
137722
585395
585396
608538
632772
634452
634453
634454
634455
634456
634457
634458
634459
639282
680646
568703
226186
272569
70601
272558
138677
273116
273063
272633
221109
196620
193567
196164
196627
197221
224911
251221
393011
272632
59919
74547
282458
282459
272560
264201
267377
218491
288681
279010
286636
290633
243160
290847
291272
205914
312309
264199
299768
195099
295319
243164
176279
234826
272621
300267
300268
93062
314724
314565
315277
315456
319701
281310
264730
322098
205918
220664
330779
259536
167879
335992
271848
336407
269800
159087
205922
59920
319225
316279
1140
339860
269484
340177
317025
110662
74546
207559
246197
205921
323098
292415
340047
320372
323261
435590
435591
246194
338963
269799
482957
326298
349521
314225
228405
309807
361100
269796
264732
212042
205920
222891
374463
321327
321332
357544
364106
195103
362663
279238
106370
316058
290397
56780
93061
323259
451515
370551
370552
370553
370554
290400
373384
338969
375286
266265
203122
316057
265072
259564
316056
318161
379731
377628
360102
296591
323097
335284
355276
355277
317655
204669
367737
375451
292414
331271
374833
386415
269798
164756
266117
388919
342610
266779
203124
391165
293613
373153
203123
321956
324831
203120
387344
322159
278197
321967
272622
101510
64471
393011
208963
401614
60481
60480
318167
335541
394221
335283
187272
380703
316055
405955
156889
225849
234267
290340
335543
243243
246196
351607
338966
412694
360106
413404
290317
415426
288000
351745
384616
368408
326297
196162
357804
350058
397945
246195
351348
405566
189918
360095
320388
391774
365044
354242
232721
391735
349124
412022
320389
146891
167542
167555
420662
420246
410358
326423
368407
325240
203119
416269
320373
357348
399550
167546
349101
164757
423368
323850
290318
418136
402880
419947
349161
414684
345073
311403
311402
272620
399742
312153
350054
349102
369723
386656
431943
420247
351627
399739
319224
399549
416276
376686
357808
434271
216389
349163
351605
392499
390874
359786
557436
444178
351746
349106
391009
336982
349747
290402
293826
467705
441770
441771
441772
451516
434922
359787
366394
406327
419665
381754
426368
339671
450851
400668
266940
402882
439375
315749
360109
404589
381764
402881
360107
355278
456442
78245
290339
456481
338187
331111
331112
458234
383372
43989
416591
407148
453591
413997
298653
425104
290338
93060
399741
329726
471876
398580
423211
293614
392021
391896
391037
398579
397948
350688
216594
523850
476213
96561
477974
405416
444158
395019
483179
394
93059
403833
41514
398578
357809
1016998
430066
360115
399599
441768
349746
315730
419610
324602
288705
470137
441952
309803
488221
488222
488223
487213
491915
399726
340099
76869
366602
498761
458817
306263
498211
487214
484022
498213
405440
505682
426117
481805
228400
316385
390235
502800
32049
406425
392500
498214
507522
374847
126740
439855
481448
412419
412418
426355
452638
405441
395495
512566
395963
434923
434924
262543
398577
441620
452637
516950
457570
63737
391038
243272
502801
521006
398527
445932
935198
344609
402626
349741
512562
491916
508767
320483
436114
515621
177437
398767
537457
391904
395960
290315
373903
517417
517418
331678
452471
515619
290512
324925
391008
546414
454169
404380
439843
552526
380749
447217
380394
388396
498217
454166
490899
439851
309798
309799
289376
557760
557598
322710
561501
563178
444450
557600
563041
552536
405532
405534
480119
565575
484019
405531
272568
395492
504832
883
445985
442563
568206
570508
243159
562019
204536
123214
579112
345073
515635
407976
309801
572265
598659
395965
85643
405535
41431
65393
440085
272942
557723
439235
272564
326427
521011
396588
565050
452863
395961
394503
460265
565034
525146
455488
588858
480224
416348
544404
591020
316067
66084
535289
521460
595496
593117
429572
427317
427318
426118
439386
419942
572264
434131
604354
240015
593588
546272
469008
272630
580050
634504
568815
536232
449216
637382
637385
637386
592021
548476
637381
555970
634176
347255
377629
360911
595494
644042
471853
471854
645127
436113
395491
465515
525897
446462
525909
521097
510831
521045
543728
536056
471223
446465
428406
526222
655815
324057
561230
478434
443144
866768
436113
583345
531844
582744
582402
684950
485917
469378
471857
471855
523794
478801
519442
485914
573064
485918
479433
395962
471856
523791
525919
313596
406984
522306
634498
485916
521095
622759
479437
521098
425944
485915
479435
479431
471852
526218
504728
401473
488538
666714
574556
446470
519441
681288
429009
579137
561231
59374
481743
544556
472759
555311
555778
526226
502025
150340
518766
479432
525898
525903
446469
479436
446471
479434
525904
311424
684738
590409
698737
590168
1453429
703339
701177
530564
553190
699246
552531
469383
572546
591001
543526
526225
710128
708616
567106
640131
572477
589924
644281
396595
716541
633145
638303
547559
580331
439481
309800
580332
522772
714962
553199
592022
545693
512564
547558
572547
583355
264731
177439
76114
272559
254945
218497
348780
314315
326442
384676
204773
114615
465817
37692
585054
585055
585034
585397
585056
585057
559307
349519
543734
568703
568704
574521
554290
553482
40041
557722
561276
561304
568819
568813
568814
45361
672161
580049
573826
604162
644651
644223
568708
663951
637910
216592
683837
365659
637909
716540
406818
634499
71421
243273
272634
203907
283165
283166
62977
273123
297246
297245
302409
254945
359391
290398
363253
390333
326424
386043
411154
62928
405948
351160
443906
32051
316278
357244
413999
347257
272568
448385
94624
471472
478009
36809
509173
977880
59748
504474
529507
360910
340
522373
570417
661410
662598
645462
347256
29447
2110
761659
400682
641149
575609
372461
296587
573235
284811
214684
452662
280699
284813
680198
637905
592205
633699
575788
300852
665029
511691
243232
754252
748671
661367
218494
679897
176299
347834
436017
521674
526227
714359
633148
589865
521096
572480
1236608
509190
573063
759350
758678
644284
749414
643648
649638
691437
591019
759363
762051
300269
400673
189518
710127
75379
423212
469371
707184
707185
707186
707187
707183
573236
716544
718219
640132
526224
446466
640511
562970
639283
635013
583358
446468
759364
666681
515618
439292
600809
637913
559295
461836
403677
563008
7029
105559
582899
552811
578458
746361
757424
306901
12957
88036
712961
3068
332648
486041
563032
637380
663321
525326
748727
765874
759914
525338
525373
525257
585529
633147
865867
722438
644282
573413
765105
765115
765110
765099
765109
765121
765116
765090
765067
765066
765077
765087
765074
765100
765094
765096
765102
765098
765068
765097
553174
765093
765085
765101
765083
765065
765070
765113
765106
765107
633149
610130
555079
681645
574087
765112
765114
765073
765117
765089
765078
765076
765091
765095
765080
666510
869816
469610
515622
765079
765123
765119
765103
765081
765088
765118
765072
608506
644283
395494
573061
79929
765075
765084
765120
765124
765086
765111
765092
765108
765104
765071
765122
765069
546342
580327
644352
629258
872331
629259
629265
629266
629267
629270
573066
629260
471821
459349
515620
585198
718251
862514
862517
864563
862516
864569
876142
862512
59374
545774
655816
864567
862513
862515
864568
879462
864570
871562
864566
864565
871571
321614
665079
574093
198628
665571
189423
59463
765082
104421
610380
749501
749523
749508
749499
749494
749525
497965
563040
554065
749516
749515
749513
749500
749498
749503
749504
749491
596315
566546
679926
749497
749495
749490
749489
749520
749511
749518
749512
749502
749509
749524
749492
749506
749510
749514
749496
749507
749521
749505
749522
655817
572478
788929
573062
749493
443255
866770
585202
585203
585204
655813
246201
869729
637387
550540
869727
640512
645464
744980
798130
765962
765963
765964
794851
712898
525367
548475
645133
879300
879299
879298
879297
879296
553191
227321
246410
283643
296543
294746
31234
339724
341663
331117
379508
418459
426418
436907
10228
526221
556484
439481
391623
663331
554155
521002
483214
564608
222929
660122
559305
663202
7091
656061
12968
10141
675512
765420
630588
188626
271848
412021
331109
331978
320374
334802
334803
345072
345074
150340
350703
52598
89187
314267
313589
252305
314254
314291
314232
314271
314260
314264
237727
314276
314253
314262
398720
314290
314277
69042
221360
370895
314230
312284
313603
314283
314278
313594
87626
314292
59931
314256
121723
207954
313627
156586
314280
314287
287752
314288
314261
314266
207949
392917
393480
272629
450394
314231
314265
367336
314345
313625
221359
412967
411463
411459
411460
417399
417400
410291
411462
411481
411477
411476
430556
430557
430558
411479
411466
411489
442346
428127
411490
428128
428125
411902
411485
411465
411474
445973
445970
445974
411468
449673
411484
445972
479831
479832
479833
479834
391587
428126
445971
470145
471874
465541
465543
443255
457429
463191
471872
499175
499176
499174
471871
502347
502346
471875
224308
535025
535024
398513
537937
457421
537970
537971
537972
543737
118168
391600
91464
236097
180281
473788
382464
391615
545422
455436
555461
483216
483218
470146
439493
440497
500635
500640
500639
511680
500633
483217
929558
314270
439496
314607
521003
483215
445975
439495
439497
247634
391589
637616
411464
500637
563990
566461
457431
457425
537006
553973
536231
525244
525254
548477
525264
518635
518637
537007
539329
569881
528345
528346
528347
528353
528356
528355
528357
528358
528359
528360
457424
469590
565636
565637
565638
565642
565652
565643
565653
565651
565654
565645
565646
565648
565647
565649
565656
565650
565640
565644
565641
565657
565658
565659
565660
565661
565662
565663
520454
520452
520451
520450
520489
520487
520463
520461
520459
520460
520449
547042
537011
411471
476272
545696
518634
537012
521000
518636
244592
391586
467661
566466
565045
469605
556266
556267
556269
391601
93058
546274
566549
537013
520462
520464
520456
520466
520458
520457
520455
219305
591157
591158
457427
457428
591159
467200
437701
525245
525246
411486
525255
525260
525268
525284
525310
525318
525325
491074
525278
525281
1423757
525329
525330
1423799
525365
1423814
525337
525372
548473
548474
525374
548478
525341
525263
525271
525279
525282
525306
611304
573066
528348
621372
626522
546273
592028
566550
626523
608534
491075
525361
548470
525378
525376
575591
520488
224914
585145
585146
585153
585158
629741
546275
546271
491076
585502
585503
585506
586220
585199
585501
638300
638301
638302
585517
444612
525369
585531
196164
525309
585520
525328
526980
526970
526967
526971
526972
526968
526977
526969
526974
526976
526978
526979
526981
526982
526984
526985
526986
526987
526988
526989
526990
526991
526992
526993
526998
526999
527000
527024
527021
527025
527027
527023
527022
527031
527032
527029
527030
527028
527019
527020
501479
644107
644076
633131
565666
565639
575594
592031
645512
411483
575585
575586
575587
575588
575589
469587
469588
469589
457391
585543
575595
563193
575584
575597
575607
575599
575615
575605
575611
563037
469591
457390
537970
585149
585151
585152
585155
585156
585159
585160
585161
645465
585157
585144
585148
585150
649764
649743
649760
649761
634994
478433
663887
663886
575612
469608
563194
520453
520448
550672
550676
550677
656379
656380
665027
666475
655811
585147
649742
525262
667127
667128
619693
528351
585154
667129
575565
469592
585544
575590
457416
450749
641146
699185
699186
641144
536227
443255
469621
500638
683082
742159
707232
525375
655813
649754
525368
525259
749549
749533
749537
749545
749540
749528
749531
749547
749527
749539
714995
749536
749541
749532
749538
749542
749544
749550
749548
749546
749530
749529
525371
525258
762948
762962
701347
880591
608538
883062
658659
658664
796620
353152
333668
484906
412030
572479
378806
572544
262728
262727
390236
904144
907262
907931
675513
706434
584708
215689
762376
702459
720555
861557
748224
648757
581103
523846
573059
298654
388413
225937
890402
632518
632292
649349
656519
925768
925769
746360
913090
913089
913088
913087
521007
521008
632335
927691
632348
913848
333849
155919
272951
228399
267409
267410
165597
269801
280354
280355
261591
205919
212045
280477
281689
286604
306264
306254
321955
243273
170187
320390
332415
342614
342617
340184
340197
340185
340186
344601
344610
342110
349968
349967
349966
349965
378806
358708
358709
360111
360108
360112
360110
349123
262489
59196
388272
393117
393118
393121
393123
393124
393125
393128
393131
377431
401650
399795
384765
383631
411901
411903
156578
247633
313612
247639
313624
401526
313606
411461
411467
388400
391612
391598
270374
388401
388399
391593
388739
411470
626095
550748
519849
550773
404218
404217
404216
404215
360099
425067
375177
374928
374933
436115
519851
518603
526347
550747
391574
406556
406557
406558
406559
406561
406562
406563
439842
439846
439847
440534
404214
445226
441165
441166
441163
441162
441164
441160
441159
441158
441157
441156
441154
441152
391592
313628
391613
391596
443152
58051
351016
391625
391597
445986
445987
451708
445335
445336
445337
447214
445334
451754
451755
451756
451757
454167
454231
454165
454164
420336
515609
515608
515611
454168
452948
455227
465518
465516
465517
626096
453362
453361
441769
405948
453363
453364
453365
453366
476210
476211
214688
314289
331869
333990
391603
392423
444451
444452
444453
478004
478005
478006
478008
478007
314608
391624
487521
473819
240016
471870
498743
498738
498739
498740
509633
396598
488537
517436
517437
403779
486409
320771
519049
529885
535205
535206
536229
544875
546343
546340
546231
547468
544405
469381
469382
492476
495036
498848
497964
487796
487797
558269
512769
512768
512767
486408
497962
497963
521005
521004
561177
561180
557601
520999
547043
566552
564416
564417
564418
564419
513049
516466
570507
432331
574965
553204
553177
573395
527012
527002
527005
527004
451640
478749
543302
546266
546262
546270
546264
546268
411469
546265
553184
553481
573237
593275
77037
592313
553212
591023
553218
622312
563191
593585
593586
593589
593590
417400
593587
279714
555088
555779
553565
553567
553568
553571
553573
553581
553583
553588
553592
553596
547045
548476
596322
629742
553178
596327
553175
596309
637987
637988
641112
645663
644279
243161
553209
596325
630527
406124
427081
427082
596319
637911
573065
573060
596320
536233
655225
553207
656913
656912
553594
553601
658599
658600
555311
536227
553201
553206
553219
596318
661513
572545
570506
637388
588857
589861
533240
533247
553220
596324
553574
671074
671076
371731
674977
159254
638315
675814
675813
675811
680649
675810
675816
669261
669262
565665
596323
685035
675806
675807
675820
675808
682147
682148
675812
675815
546267
546263
596328
675817
596312
596330
679189
679190
596317
693750
693748
649639
652103
553171
352165
679191
679192
679194
686660
673189
673198
673265
673266
699218
679188
648999
102897
710094
710095
710096
713605
595501
675514
675515
675516
675517
675518
675519
675520
675521
675522
553590
553577
553580
679195
686659
596329
663278
714961
791166
702446
702447
791161
702450
702443
702444
702430
525256
585528
747682
655812
585530
585524
228399
871925
754255
754256
754258
754259
754260
754261
754262
761194
702431
702433
702434
702436
485913
693973
525283
563045
585535
666684
752555
679202
796392
679204
679205
679206
679207
683219
682181
232348
232363
754254
754256
88274
768724
784613
863369
863368
768728
768713
869728
596151
717606
697329
517433
866771
866773
866774
866776
866778
744979
753642
886872
879301
879302
879303
879304
908339
905067
904306
585891
871541
465515
272129
869310
869313
869308
869305
869801
869214
412420
344747
161544
161528
391591
445983
445984
405917
405533
451707
451709
405536
425265
476212
444447
444448
444449
486624
498737
498741
498742
486619
486621
396596
486620
396597
486622
557724
520465
513051
513052
513053
563771
563772
563773
595497
595498
627611
377628
547047
547046
545431
536230
632245
641140
641118
673519
470735
771870
767455
767463
240176
578460
670897
887061
694427
693978
907287
908337
713603
713602
713601
713600
927655
685038
880447
289397
768670
643867
910314
910313
908612
908338
908340
910312
879310
931281
658172
435837
435838
709032
670487
903507
198215
930942
702455
702453
873517
747367
747368
747369
234831
658429
913239
566546
718271
1423822
903510
706437
278137
5062
933263
933264
936140
710696
644966
595537
670892
535026
484018
312017
985053
715225
320371
357347
743273
743274
743275
743276
743278
911104
691160
933266
933269
933280
933290
543538
543539
543540
257310
257311
257313
272947
882
258594
272626
257309
272631
272635
269797
273075
272844
84588
220341
266264
169963
211110
218496
223926
243090
273121
243265
264462
290434
290399
298386
319795
489653
216432
196627
323848
382245
382640
1511
291112
316275
551115
548479
525381
634500
644295
685727
692420
693745
436717
330214
749927
762550
795797
861360
83406
882378
100226
264198
318586
339670
94122
331272
6945
681573
670484
263438
878320
294381
353153
370354
322104
7176
45351
481877
496833
563174
657308
213810
663917
679716
685039
696747
699037
699035
316401
634464
712938
717959
717960
722911
862962
862964
862965
869216
869215
869269
869303
869304
869311
869312
486623
500485
515849
985895
229533
406817
426114
889933
452652
536056
859657
718274
591946
1105252
1154878
8090
1154862
1154787
1049981
1262664
1298857
859655
1339256
1343564
1321784
1329828
1341643
1335321
1329836
1329831
1292392
1310683
1310788
1310906
1382922
1380393
1380376
1470592
1249658
1438768
1311
1463897
1463902
1463922
1449335
1446495
1469613
913325
1339225
1340502
374840
191289
518987
470
470
1325933
476281
90963
1891754
196399
10570
57579
10679
10868
10665
10742
78541
687377
10658
1458187
1891770
10623
10835
262177
271108
127507
28321
134599
10677
148603
151539
148880
134681
146032
172220
64186
130478
106284
179237
107324
88870
77048
37961
207830
180587
35341
195061
223356
10784
1891767
31537
66797
10829
10730
67571
133704
122291
10872
46014
10406
1891762
10690
51034
83201
51677
31532
46448
98383
151538
35345
222079
176652
130556
176106
35238
159252
173707
85753
174178
37296
189836
186637
172391
63723
47838
51336
28350
244589
10794
46015
40540
93224
10838
83191
83839
10261
38062
10804
10827
10837
10564
28314
223358
63118
97344
222459
35252
35250
145579
151535
155148
223337
362398
70600
35241
129009
151534
70734
195056
28873
55884
190478
68402
10243
185959
223342
1051966
220608
196095
223307
10567
40538
59504
72003
85618
72638
112023
10796
223303
2003327
10820
10831
10826
36363
40631
10798
127508
38251
134606
37108
10385
37665
28289
376849
168238
223259
10454
46242
181007
33771
10825
10276
10855
31602
191032
67585
10836
10830
94700
31504
196093
376852
220932
10266
220340
10710
169696
35269
10778
37138
43685
178354
10661
222464
223344
222441
929766
117198
223313
227137
205869
205880
223524
215158
173824
194948
96054
50948
242861
194949
50294
374844
188350
35258
180504
205876
228897
260378
259901
263793
266799
265294
198608
197771
756759
53260
10717
180586
85154
173443
207597
219299
223252
12360
172278
191460
223352
223316
128941
205872
205870
227940
208491
207240
222645
170617
35254
247080
236750
52979
46350
77775
40539
114416
10759
44088
260379
194699
268785
260908
264729
197772
10839
28369
114777
12643
40537
72197
175950
915293
218387
222456
223345
186153
222475
225752
223332
197783
204090
205879
133789
230871
232237
263001
205874
205877
35244
244590
115987
10862
10708
151537
229636
185636
139870
248496
235266
240492
270146
279303
114430
192584
199587
223301
208177
223305
159153
70203
157239
1714273
219744
223347
186152
169683
223308
223346
223321
204086
205875
225588
354260
196242
194966
157924
210016
78395
136084
227470
194802
106331
10280
227720
181604
270117
12407
139872
256994
12390
10840
270673
269277
270161
279280
111874
280702
71366
10273
223334
188763
224399
202568
75320
148943
10345
1993650
196094
126070
169690
186371
234829
77856
10326
129727
260372
252602
10464
10702
10325
10678
114429
193118
298974
10510
129956
190064
31559
220813
151599
292208
292792
39640
10493
260827
518829
49964
75590
223284
89623
223324
260373
35343
79700
154334
59817
193119
1513224
185750
714640
263578
219704
10760
10258
47929
256729
279530
97081
123735
114102
298650
12355
31535
298975
157898
129951
190061
223275
271479
77647
291589
10870
33726
10359
293284
377611
259931
127509
35593
194445
151536
269145
209052
244310
10381
188524
37325
127441
11303
134386
169691
219596
693897
202812
33708
32603
38804
175814
270140
10754
92963
130499
222078
10640
10761
193122
10649
10537
130328
41678
130310
257468
298338
284503
285013
294631
10849
256548
10449
205868
223282
10390
211787
255131
10680
10331
32604
82300
373058
11757
169687
169693
221054
478812
202813
31757
281492
45455
279281
31600
130309
38420
255431
221029
195063
142661
129875
45370
220814
229634
292639
262968
294382
172296
10317
292443
10386
10871
12436
10876
268316
1513199
10724
110457
132475
103807
10815
198503
129953
249151
12585
310540
11588
329853
12151
42478
1307800
12152
11830
329852
11909
12321
12241
1714622
11020
11665
89463
66266
39116
12181
35612
11885
131082
104664
12893
12288
35286
39101
12431
10869
12639
10854
10320
10271
10651
169865
51369
47680
221037
10372
36453
11657
12143
11307
207343
65467
11788
12175
12889
58103
12885
31711
12450
11855
73498
228582
131226
11642
186538
129395
148879
12049
157619
92129
120086
12433
28295
12730
12056
10641
49267
12417
37554
35246
180170
12402
175567
10788
259898
220812
10867
11958
11741
12179
12158
66834
37206
12180
40281
11663
12881
32625
12235
29272
103603
100887
11246
40270
39046
146499
142102
170621
11809
155414
129143
1169032
186165
35297
12319
65743
10653
10654
10747
40521
105154
10397
120574
57119
35265
51313
232802
298965
363745
12890
11819
12177
35304
106333
11840
28375
11746
12153
11277
11290
64279
11768
106962
83544
228581
11048
11216
154784
205895
39720
73497
696863
90961
12041
109270
134632
46607
76343
167161
190811
190809
12901
56486
46342
31713
12894
28355
12038
103782
37128
59380
10991
81583
31770
42680
151043
193120
674954
12899
11039
107804
198597
88388
11577
11595
161736
11623
37733
79918
74724
32629
130760
218849
40282
12303
47740
198612
31503
116056
33773
192026
160484
12451
12331
64698
92395
12295
28882
154834
67962
152217
1511847
12301
170965
186772
190239
48981
104580
11620
184020
159122
167634
41460
51330
199361
11591
55951
198589
11856
46436
12627
37126
45237
11612
12182
33724
119222
192027
10879
11008
12267
12742
336959
28348
29256
31749
99930
129141
44158
150285
186769
88387
162013
12286
134554
167132
228578
146073
220618
12042
198112
204987
112437
241630
279896
103881
12268
12898
12530
53193
193121
79450
31750
192025
62352
10990
42475
192021
103442
46618
12315
167927
114871
75747
12136
191436
198599
88389
81931
59816
46839
11631
209529
12275
11978
191217
68876
239365
1239574
72750
50817
11867
11137
196690
167021
35291
185782
229149
12896
75914
11901
311176
12253
11628
35281
45219
118655
1476554
234601
253702
277944
190808
12897
219174
52274
122203
192023
12224
37124
11232
186539
284689
12173
11593
11801
224578
686983
11569
291175
206160
66200
292052
12144
12242
12287
1980486
12809
40051
114921
174142
218667
253701
274495
12904
12895
73494
190810
100880
192022
11986
11613
11215
37705
188141
11207
29255
11234
11673
31721
263004
294369
64286
12302
12166
73561
41764
12188
91753
40979
45224
35288
71972
1239577
445435
12271
37133
64958
164750
196375
240555
12285
12783
12906
100785
11886
85652
141860
10995
12542
12187
11250
245101
186540
196089
11191
11608
12327
300180
290314
93830
59300
45709
227507
154339
12294
131083
12023
42882
47669
54315
45103
11135
49891
40059
11599
12282
40050
104581
1002918
216371
246343
269213
111470
12892
12907
551523
40279
92444
150284
11709
112227
12888
12814
11630
12538
1147160
11002
11619
12475
300175
271257
146500
11242
11553
11161
41763
12045
28354
39443
146762
47736
72539
77344
32619
10514
298333
12138
232800
112229
222557
208973
74660
619591
12055
108098
194397
302070
28351
291590
10817
85752
12196
84589
157899
207697
11269
44560
47903
996311
37131
53182
238854
172667
290030
328671
11660
687340
270473
322855
59506
55511
320837
320841
320845
320849
11089
156690
35289
33756
118140
70793
10512
28285
10522
272751
90410
204440
38142
268747
12353
11636
64287
137475
292627
302069
304222
312008
101570
649604
10832
82676
157018
222474
10335
12345
47001
300740
255587
185639
204270
279539
1476909
55510
205908
306323
223287
320832
320836
130310
10533
64294
255238
267285
223328
290028
10726
12145
112228
195062
295090
303300
404196
307677
43141
223262
42004
103722
188333
12040
11795
44561
53181
302100
209854
11228
240865
230158
1411991
31754
145856
289366
180526
292029
320834
215167
320842
320846
320850
10515
10519
28347
243550
280701
202566
268746
111970
11292
12239
130308
235201
301865
307240
674983
310539
62079
10366
44562
111418
222450
10255
12238
47000
60714
93465
33748
52280
279538
310103
10245
53988
196400
289367
211866
320831
320835
320839
320843
320847
11033
12274
320840
320844
320848
12264
191547
12262
12208
12280
11083
12092
12209
11034
12167
12161
35287
42631
41459
40666
12228
33763
12139
12465
113553
11085
119910
40640
11047
29271
64300
173976
172314
46917
47416
1511919
310750
332032
12458
11082
12461
33747
125788
138950
204711
138951
12261
11099
12131
11976
221036
138949
12227
31722
43240
56879
51354
31742
12198
195054
94290
101688
310907
12215
76875
12263
12232
12199
161675
64312
187978
69576
318558
12524
10407
11103
1868658
1313215
138948
10620
10600
28300
305674
54290
12273
12205
12154
12211
11036
11053
11072
11029
185793
354090
147711
12162
12466
12202
217686
11138
31741
75746
39113
64285
12558
12222
59749
11128
157837
78540
192452
12472
43130
328670
321023
71030
333769
11021
139270
28344
85708
278069
333767
10616
329855
358764
312349
12216
12260
12777
11120
12104
11027
12506
85106
31744
196398
11084
12197
11086
12844
12064
12203
70796
79917
64280
104263
12118
101764
172148
59301
64141
1002921
187977
12230
115991
11212
324900
11079
11908
121791
221262
10561
10621
56144
329639
320432
77698
12313
10632
240557
10589
179241
334856
674980
11723
333760
333764
337052
122928
326574
324685
326489
67754
93838
332054
62059
347962
64003
279383
36427
335103
235994
70823
1001533
337825
310749
306276
348296
339965
309390
359961
367061
28288
347325
347329
511969
128710
349564
320122
329886
10565
11096
100755
1671798
12305
11676
926844
12618
247269
10617
191463
227859
333759
333763
337043
12142
296210
307111
325113
307110
11070
335341
213034
313629
46473
674971
311229
12336
355246
340921
337824
32612
38525
340907
331627
137556
365523
352882
366686
347324
347328
12317
10834
28311
12178
12194
162145
11987
337042
333765
291270
211044
54289
325111
337828
223323
181082
315953
322067
348137
158372
352248
331975
46771
152219
344022
362692
341721
333348
260479
329290
246280
343516
347326
55097
489828
55096
363716
39803
299200
333920
334203
32624
31604
12183
333762
333923
329288
201862
1513204
337826
12169
11069
488241
316983
306025
344021
329641
146269
210827
11080
173082
273133
337823
10398
362693
316106
329254
329289
341167
85454
356862
345922
347327
373126
489829
322053
331642
374005
77813
334778
161494
10484
216614
380669
367850
367301
390978
936060
373406
373410
373414
371401
204507
292477
379892
89471
379728
113370
400567
365048
401040
403897
315392
405554
367682
377462
10568
303317
399781
360398
10752
389469
408719
326036
265522
418443
261726
423476
694006
363555
11884
362399
349370
338903
347219
233894
338323
348449
373407
373411
393034
328430
12024
341711
163325
1246677
377609
83129
213769
297249
12210
328615
407837
323118
377463
59376
384360
410826
369257
44026
398839
368736
326037
10455
283876
392761
165432
341053
128708
349563
31508
370623
578107
1285600
43763
338781
345201
373403
373405
373409
373413
389214
392174
395349
1307957
360397
77811
377610
399314
345250
400835
361731
1397670
392505
400122
377461
411248
407392
390844
388038
243563
263531
322019
185954
417288
359812
33760
187764
364745
342564
915425
373404
373408
373412
85655
1006061
160844
28871
382359
369584
1307956
382685
213775
335187
379329
45406
373862
400121
340435
326941
387905
387909
416419
64283
399185
1307954
1233675
394036
52996
59563
294365
694007
425279
687379
262071
431893
12165
10986
432587
11970
435486
1124577
37127
57482
440266
439491
390440
447909
447597
447605
447325
152177
390437
693999
400396
458639
445517
466051
403905
40523
330399
40271
260121
70566
380598
386792
309181
167129
475777
451705
462590
346882
139871
436243
425303
180230
260797
431892
420255
434309
435488
359919
53369
376758
245685
390441
409287
447598
447602
447606
425386
71186
53179
11060
45661
439014
329164
404404
466052
439809
330396
470865
42182
12509
463392
427315
442493
386793
455649
189830
293178
379501
346883
180903
489830
459290
463676
675077
479058
486898
346884
435646
42764
208899
457382
481311
436242
144752
96491
438782
351495
496807
467481
503388
507476
489779
570832
491003
694015
46919
235434
515444
45220
419435
370833
64303
417280
694008
360579
425009
423445
431894
406340
326811
43140
335204
445227
438482
470314
390439
390443
12348
447600
447604
417192
446807
390436
368735
396034
400394
439016
445516
460364
388452
40522
330398
33746
260120
300186
11834
46021
452475
33765
469660
436066
437329
437444
414970
436447
70822
393598
300411
390442
440250
447603
446529
158463
338473
454128
373398
439015
445515
28358
384848
448384
330397
33745
356114
397353
471498
471728
360580
284687
461322
520848
474454
487152
338079
420684
55216
452758
536086
483537
540067
532074
543153
470214
546184
186786
547467
936059
551895
39420
441999
192848
493803
478550
501328
337054
425010
459845
365150
507474
424716
142843
267970
1330521
518829
205899
180822
390438
515446
45221
497863
511755
529929
198110
537874
204873
526476
11082
540064
540068
532075
399183
652717
546185
544686
549205
479060
496874
549445
619599
693998
391090
346881
459949
464980
662596
45218
490711
497865
498805
490103
484896
499235
379529
445435
508750
397544
499556
393767
465447
519016
45223
328061
515320
674982
311228
486809
471717
482058
508748
402399
51676
447171
536084
470166
540066
494269
543152
436911
546183
36403
488255
484895
492502
693066
391228
507475
460926
512792
694001
475178
519015
523909
262967
192203
515575
45222
11152
437063
500654
338478
51673
332471
536081
421976
540065
604276
532076
10756
546182
463360
548915
496396
543939
549446
487492
459291
546805
555603
108098
543876
546808
561996
563119
487311
430796
563769
504346
568715
485241
524023
335963
214439
572289
312275
92521
263892
575608
565140
581037
445217
509531
569195
587370
591160
619631
578305
590403
457286
575917
631345
411854
11024
10693
641832
640136
490913
10704
516956
551531
552525
378833
557289
546806
546803
561998
563122
158683
390157
529840
559189
10685
513550
47049
312009
348823
481147
339420
311413
574040
575610
566270
578361
253700
580254
329864
39681
557393
591487
593131
1218490
573993
627087
915427
185218
563121
560178
541865
559878
564886
36343
393599
471285
312273
160843
1513208
340054
270478
573591
505292
1972626
491893
576948
318279
509532
578234
348058
1511882
526413
620894
627480
630199
575918
64320
638313
1513196
641487
643132
490912
644610
576790
551790
99179
546807
446138
561999
563123
563775
208013
444193
520962
542343
138982
208084
312274
305785
572290
509923
183585
591166
505291
55744
367121
582382
229030
538398
255066
592206
575913
598747
614034
565537
622438
915426
632112
64290
634168
274584
307467
642493
185638
520973
644609
576789
164416
642111
648801
431317
651134
372457
595895
656190
659497
579113
642251
642255
915428
590739
283824
267407
485362
1714272
129875
190061
1513269
545259
667119
682382
43761
652718
663282
693627
665033
697192
674082
673837
673835
1330521
655098
710112
252584
713091
745177
64311
635076
573199
197310
638358
137758
647294
538979
646413
538004
586420
10845
572239
1330524
163654
658401
642253
642257
335797
661101
661505
561576
666363
129950
129956
640897
433462
449133
670251
1604874
658904
687917
48544
10334
670252
693894
663554
633135
649188
649688
1330491
402584
642478
651580
656028
390845
642260
642252
642256
104388
645687
664980
479713
659660
114424
130371
392504
52135
642926
666635
675833
43764
574890
666859
693628
682370
693582
674081
673832
663241
655097
36355
129726
1972623
129732
687343
1511883
576791
644007
648017
2003651
2003650
375546
502102
651733
132477
656025
642259
653358
642254
642258
573900
555387
559180
664785
668618
130328
190064
340187
671126
634441
1960253
683179
687918
693629
679536
673375
693892
644563
673839
663557
686439
694581
715223
713092
685506
707757
53954
687376
687384
687349
687346
687347
687371
687380
687369
213633
458132
759701
796352
859650
797418
862909
180399
871700
861044
764348
864596
878260
204269
99585
430710
905055
879630
911574
760732
913600
887825
743035
915486
696472
932662
939923
908127
935473
909331
637730
665032
459770
720569
713089
626962
349681
687386
687366
687358
687375
687370
687372
687374
1218488
759390
761701
747763
762906
763552
862943
186541
746830
871521
872294
727962
723802
681518
713949
645664
556524
873160
912033
212035
760939
67761
930881
912035
880162
946046
75387
687367
687353
687342
687382
687373
687345
754004
688701
665102
915429
697227
433357
864686
565995
746831
871701
861045
329381
671095
487155
889510
885379
907191
666147
693272
512088
709484
519497
929051
912034
880159
929769
908028
908072
931972
931209
909333
327280
687385
687351
687365
687364
687383
687355
687354
421012
758918
761702
667093
762905
160358
862944
870465
871699
871584
861047
746832
687341
884200
312295
10353
905054
879628
666146
762660
707546
887827
305677
743040
880161
700939
936005
908124
938131
909330
190065
532077
764561
881953
866889
444860
444862
445686
925986
867696
190063
753085
714308
68347
908010
908277
714583
168135
931210
38170
279006
764562
910473
910475
445683
444878
445685
504501
753084
912320
889813
532078
669008
857312
445700
445696
444861
877240
926543
759938
504553
562742
714309
915424
913970
431891
260149
864178
910474
767806
59241
444859
445684
445688
925984
714310
68033
889338
70177
706122
445693
884612
906668
909297
444876
875324
195060
203168
445692
881945
649996
764595
444875
938276
290090
359987
706526
558690
706525
857288
706527
307461
749447
881915
749413
925983
37105
929814
767473
673376
318844
676234
249583
38767
211977
38766
980964
11272
290008
243560
1330520
10942
204928
328668
11224
649890
666962
11764
685443
909210
166122
1455654
1455651
172851
1455653
1455652
937835
701456
913183
691963
691965
928293
766791
691966
926067
691964
743685
740933
1453082
717641
1453081
1453083
538123
198833
249584
928214
740710
764599
351427
459957
928212
798074
623144
698672
936149
642022
1453080
381543
219584
928211
798073
622416
237716
580247
711470
207246
746543
537009
798072
10864
11269
1346287
687387
1447259
741942
1311
1311
120168
587620
1313
1313
1986029
396359
755164
866553
438780
631719
698487
722418
694060
663560
698486
722417
66711
669875
745088
72407
520
641809
1311
1311
562
1381080
68416
1604875
997078
35302
1300035
50713
368620
100217
691318
936054
663553
701257
387910
29252
665884
387908
287412
665883
39804
103216
1587907
10848
1311
1470434
674996
122929
64318
60456
64296
1307801
667516
570949
405947
570950
1311
1311
1311
676044
1239565
683735
38837
1349436
64307
486494
64297
40012
64309
64284
64310
64295
35279
1317123
1311
11318
1311
1313
1313
1311
573
573
1033731
1279030
