	refseq	taxid	total_length	scaffold_count	scaffold_N50	contig_count	contig_N50
1459	GCF_000151085.1	439481	2981805	41	141038	63	114642
1464	GCF_000151225.1	521002	1729275	10	1719468	25	1043555
1465	GCF_000151245.1	483214	1713248	9	1524361	24	226159
4660	GCF_000243315.1	671065	2817452	21	813727	120	69323
6866	GCF_000296615.1	1194088	3168011	10	1273711	16	707005
10418	GCF_000379085.1	1069082	3607771	2	2964157	22	420577
10611	GCF_000383975.1	1114856	4934841	5	4057512	10	899880
12289	GCF_000427685.1	926690	3797935	8	3270840	10	2169903
12405	GCF_000430485.1	913025	2176573	7	1121559	132	27797
12426	GCF_000430905.1	1122230	1706782	27	170993	34	161459
12791	GCF_000447865.2	1071085	2880902	3	1817982	15	425867
13131	GCF_000455345.1	1293048	3906364	3	3025424	11	588788
13132	GCF_000455365.1	1293047	3776554	6	1082527	55	107097
15318	GCF_000513315.1	1401244	2221920	1	2221920	5	1164199
15341	GCF_000513855.1	1150674	1307099	1	1307099	2	734616
16035	GCF_000529525.1	1415626	2107831	14	362296	60	88069
20372	GCF_000621965.1	1410664	2041814	26	137557	36	116447
24321	GCF_000711905.1	1122233	1513583	15	287535	17	255166
24800	GCF_000723845.1	114529	3893626	5	3012917	10	944085
25653	GCF_000745485.1	408577	3369555	13	577892	20	476188
25681	GCF_000746075.1	386456	3393923	35	504015	38	237724
25688	GCF_000746205.1	1498500	2767463	42	828997	45	828997
27253	GCF_000784355.1	230356	2791704	46	149310	98	60152
36148	GCF_001006085.1	675631	1198142	58	48179	62	48179
