	refseq	taxid	total_length	scaffold_count	scaffold_N50	contig_count	contig_N50
1	GCF_000001545.4	9601	3441244233	79342	747460	408552	15648
3	GCF_000001765.3	46245	152696384	4790	12541198	6823	202541
4	GCF_000001895.5	10116	2870184193	1395	14986627	75697	100461
5	GCF_000001905.1	9785	3196738102	2352	46401353	95866	69023
7	GCF_000002075.1	6500	927310431	4332	917541	164545	9586
8	GCF_000002195.4	7469	250287000	5645	997192	16502	45688
9	GCF_000002235.4	7668	990915289	31897	419550	146295	16785
10	GCF_000002265.2	10116	2616422528	7271	27430032	118432	39779
11	GCF_000002275.2	9258	1995607322	200283	958970	443981	11554
12	GCF_000002285.3	9615	2410976875	3310	45876610	27106	267478
13	GCF_000002295.2	13616	3598443077	5223	59809810	72674	108014
14	GCF_000002305.2	9796	2474929062	9688	46749900	55317	112381
15	GCF_000002315.4	9031	1230258557	23870	6379610	24693	2894815
16	GCF_000002325.3	7425	295780872	6169	708988	25484	18840
38	GCF_000002995.3	6279	93659149	24286	41308	26589	20202
39	GCF_000003055.6	9913	2670139648	6337	6380747	75618	96955
43	GCF_000003205.7	9913	2724980740	5998	6806220	42267	276285
47	GCF_000003605.2	10224	775840395	54120	245820	135721	10074
48	GCF_000003625.3	9986	2737462810	3318	35972871	84024	64648
51	GCF_000003815.1	7739	521895125	398	2586727	41927	27925
56	GCF_000004015.4	7159	1383974186	4757	1547048	36205	82618
58	GCF_000004095.1	6087	852170992	20916	96317	126669	10112
60	GCF_000004335.2	9646	2299509015	81467	1281781	200593	39886
62	GCF_000004555.1	6238	108478526	12	14512975	5075	45155
63	GCF_000004665.1	9483	2914958544	16399	5167444	201371	29273
67	GCF_000005115.1	7217	230993012	13749	4599533	20532	95247
68	GCF_000005135.1	7220	152712140	5124	18748788	7610	453616
69	GCF_000005155.2	7222	200467819	17440	8399593	24157	91192
70	GCF_000005175.2	7230	193826310	6841	24764193	11874	121517
71	GCF_000005195.2	7234	188374079	12838	1869541	26813	20311
72	GCF_000005215.3	7238	166592095	14731	2123299	21426	42955
73	GCF_000005245.1	7244	206026697	13530	10161210	18382	120091
76	GCF_000005575.2	7165	265027044	8145	12309988	16825	85548
79	GCF_000005925.1	7260	235516348	14838	4511350	20358	180217
80	GCF_000005975.2	7245	165709965	8123	21770863	13441	115562
84	GCF_000006295.1	121224	110781312	1882	497057	8555	34097
1102	GCF_000090745.1	28377	1799143587	6646	4033265	41987	79867
1103	GCF_000090795.1	400682	166699561	13398	120365	27972	11817
1187	GCF_000142985.2	7029	541692442	23925	518546	60596	28199
1196	GCF_000143395.1	12957	317671980	2835	5154485	30435	14798
1327	GCF_000146605.2	9103	1128339136	233806	3801642	296331	26671
1334	GCF_000146795.2	61853	2962060179	17524	52956880	197900	35148
1345	GCF_000147115.1	59463	2034575300	11654	4293315	72785	64330
1347	GCF_000147175.1	104421	232685334	10791	451320	32174	19487
1348	GCF_000147195.1	610380	294465601	8893	601965	26840	38321
1439	GCF_000149515.1	31234	145442736	3670	435512	12676	30717
1451	GCF_000150275.1	10228	105631681	1414	5978658	3217	204191
1473	GCF_000151625.1	7091	481819406	43463	4008358	88673	15510
1477	GCF_000151735.1	10141	2723219641	3144	27942054	61604	80583
1478	GCF_000151805.1	59729	1232135591	37422	8236790	124806	38639
1479	GCF_000151845.1	132908	2198284804	36094	5954017	225433	21866
1480	GCF_000151885.1	10020	2236368823	65193	11931245	148226	48087
1481	GCF_000151905.2	9595	3063362794	40730	81227029	170105	52934
2076	GCF_000164805.1	1868482	3453864774	337189	401181	492903	38165
2077	GCF_000164845.2	30538	2172207521	276725	7263804	450950	24617
2083	GCF_000165045.1	7868	974498586	21204	4521921	67421	46577
2715	GCF_000180615.1	31033	391484725	7091	928938	30861	52883
2716	GCF_000181275.1	42254	2423158183	12845	22794405	201798	22623
2717	GCF_000181295.1	30611	2519724550	7793	13852661	200240	27100
2718	GCF_000181335.2	9685	2641342258	267928	18072971	367672	45189
2736	GCF_000181795.1	6334	63525422	6863	6373445	9313	76707
2810	GCF_000183805.2	7209	91365832	5764	174388	14332	13750
2837	GCF_000184785.2	7463	230485475	7946	2863240	19342	24704
2890	GCF_000186305.1	176946	1435052152	39113	213970	274244	10658
2947	GCF_000187915.1	144034	235645958	4645	819605	33562	11605
2955	GCF_000188075.1	13686	396024718	69511	558018	90219	14677
2956	GCF_000188095.1	132113	249185056	5559	1399493	16215	58885
3011	GCF_000189315.1	9305	3174693010	35974	1847106	237291	20139
3358	GCF_000204515.1	103372	295944863	4339	1110580	16583	80630
3398	GCF_000208615.1	6945	1765382190	369492	76228	570637	2942
3400	GCF_000208655.1	9361	3631522711	46559	1687935	314972	26277
3411	GCF_000209185.1	7176	579042118	3171	486756	48671	28546
3412	GCF_000209225.1	45351	356613585	10804	472588	59149	19835
3540	GCF_000214255.1	30195	248654244	5678	3506793	10672	76043
3593	GCF_000215625.1	9668	2410879678	7783	9335154	117483	44823
3679	GCF_000217595.1	83485	219500750	3030	1402257	18227	35858
3792	GCF_000220665.1	30025	152439475	5754	1050541	9152	275894
3800	GCF_000220905.1	143995	272660569	6266	1699680	16706	64153
3878	GCF_000223135.1	10029	2399786748	109152	1147233	265787	39361
3902	GCF_000224145.2	7719	115227500	1280	3102162	6381	37096
3903	GCF_000224195.1	30023	171267669	5429	1714184	8403	212818
3904	GCF_000224215.1	30033	164292578	5141	903682	8343	209056
3905	GCF_000224235.1	29030	182106768	5733	387676	9703	126259
3957	GCF_000225785.1	7897	2860591921	22819	924513	291829	12671
4147	GCF_000230535.1	13735	2202483752	19904	3350749	205380	21993
4260	GCF_000233415.1	125945	169378599	5523	3386121	7856	474639
4338	GCF_000235385.1	39432	2608588537	2686	18744880	151414	38823
4372	GCF_000236235.1	43179	2478393770	12483	8192786	153488	44137
4374	GCF_000236285.1	42026	167263958	5500	663995	8675	149088
4375	GCF_000236305.1	1041015	197375704	22819	45514	34033	19484
4376	GCF_000236325.1	29029	156942009	4946	976885	7568	224458
4478	GCF_000238935.1	13146	1117373619	25212	10614383	70863	55633
4496	GCF_000239375.1	303518	830133247	7236	2525540	68053	22622
4497	GCF_000239395.1	32507	847910432	9099	4430025	118197	13047
4498	GCF_000239415.1	8153	831411547	8001	1194190	69074	21886
4499	GCF_000239435.1	32264	90828597	641	2993488	2036	212780
4565	GCF_000241075.1	8083	729664433	20632	1303070	67069	22273
4586	GCF_000241765.3	8478	2365766571	78631	6605846	262326	21349
4631	GCF_000242695.1	7918	945878036	2106	6928108	45200	68337
4659	GCF_000243295.1	9778	3103808406	6323	14442683	166490	37750
4860	GCF_000247695.1	10181	2618204639	4229	20532749	114653	47778
4866	GCF_000247815.1	59894	1118343587	21836	6542656	30843	410964
5179	GCF_000255335.1	34638	151724311	2211	896831	3993	200706
5281	GCF_000258655.2	9597	3286643896	10984	8197324	121356	66676
5336	GCF_000260255.1	10160	2995889303	7135	12091372	259905	19847
5341	GCF_000260355.1	143302	1769662895	2040	55520359	84597	46163
5518	GCF_000264685.2	9555	2948397226	72501	528927	198932	40262
6031	GCF_000276665.1	34839	2390868971	2839	21893125	81656	61105
6077	GCF_000277835.1	48883	1065292181	27239	5255844	95828	30521
6203	GCF_000280705.1	51337	2835250225	10898	22080993	337362	15675
6306	GCF_000283155.1	9807	2464367180	3087	26277727	57824	92960
6711	GCF_000292845.1	9978	2229840584	10421	26863993	132963	42347
6869	GCF_000296735.1	185453	4210110458	20500	13470186	391344	19631
6870	GCF_000296755.1	9365	2715720925	5803	3264618	225567	21359
6925	GCF_000297895.1	29159	557735934	7659	401685	30460	31239
6942	GCF_000298275.1	9818	4444080527	22509	7875832	433653	17683
6945	GCF_000298355.1	30521	2645161911	41192	1407960	233198	22822
6963	GCF_000298735.2	9940	2615516299	5466	100009711	48482	150472
6971	GCF_000299155.1	28737	3843982861	8768	15011382	288162	24219
7300	GCF_000306695.2	9606	3037866619	163	50362920	40828	143936
7360	GCF_000308155.1	29078	2026629342	6789	13454942	167058	21392
7527	GCF_000311805.1	419612	2009194609	13334	2005940	68872	90263
7607	GCF_000313675.1	8090	869818208	7307	6078048	134430	9628
7617	GCF_000313985.1	9371	2947024286	8402	45764842	277846	20428
7756	GCF_000317375.1	79684	2287340943	6450	17270019	187012	21250
7906	GCF_000321225.1	62698	2400150193	3893	2616778	70656	89951
8107	GCF_000325575.1	9402	1985975446	65598	15954802	170164	31841
8149	GCF_000326865.1	6412	235376169	1991	3060193	12292	52195
8169	GCF_000327345.1	225400	2059799708	101769	3454484	325280	15182
8171	GCF_000327385.1	225164	359505668	4469	1870055	18335	96027
8329	GCF_000330985.1	51655	393470562	1794	737182	38757	18517
8343	GCF_000331425.1	181119	1042997632	5406	16337386	27052	165265
8359	GCF_000331955.2	9733	2372919875	1668	12735091	80100	70300
8456	GCF_000334495.1	246437	2846580235	50750	3670124	242445	25938
8620	GCF_000337935.1	8932	1107989085	14923	3148738	100099	26579
8621	GCF_000337955.1	8954	1171973431	7021	3935757	83081	28645
8622	GCF_000337975.1	345164	1174811715	5863	4154532	75898	31327
8775	GCF_000341935.1	211228	162245578	1976	622163	10707	44905
8865	GCF_000344095.1	37344	163837890	522	1366867	7588	51418
8886	GCF_000344595.1	8469	2208410377	140023	3864108	274367	29240
9010	GCF_000347755.2	7213	479047742	1806	4118346	25233	45879
9084	GCF_000349665.1	10036	2504925039	21484	12753307	237700	22511
9085	GCF_000349705.1	9713	3156902762	16711	904031	169547	23664
9345	GCF_000355655.1	77166	252847629	8188	628732	59583	7451
9353	GCF_000355885.1	8839	1105052351	78488	1233631	227449	26114
9769	GCF_000364345.1	9541	2946843737	7625	88649475	87764	86040
10093	GCF_000371365.1	7370	750403944	20487	226573	104054	11807
10142	GCF_000372685.1	7994	1191242572	10735	1775308	121345	14739
10653	GCF_000385455.1	44394	1052600561	6018	4866725	37661	112748
10847	GCF_000390285.1	217634	707727967	10474	658851	91084	16550
11265	GCF_000400835.1	59538	2696886330	15059	2772860	298128	18674
11521	GCF_000409795.2	60711	2789656328	2022	81825804	162724	90449
11632	GCF_000412655.1	109478	2107242811	169750	3225832	325414	23289
11907	GCF_000419365.1	10029	2360130144	52710	1558295	218862	27129
12580	GCF_000442215.1	118797	2429212129	30713	2419148	155510	31902
13150	GCF_000455745.1	38654	2270567745	9317	2188296	177282	23412
13230	GCF_000457365.1	6526	916388084	331401	48059	408322	7298
13543	GCF_000464555.1	9694	2391082183	1479	8860407	157032	30032
13710	GCF_000469605.1	7462	230340171	4040	732052	45204	8422
13800	GCF_000471725.1	89462	2836166969	366983	1412388	630368	21938
13814	GCF_000472045.1	9755	2280727784	11711	427290	110444	35257
13815	GCF_000472105.1	28584	232923092	8680	388966	24878	24954
13945	GCF_000475195.1	121845	485705082	161988	109898	176470	34407
14340	GCF_000485575.1	48698	748923461	3985	1574226	31058	57472
14341	GCF_000485595.1	37621	511738253	59587	209727	121361	10617
14708	GCF_000493695.1	9767	2431687698	10776	12843668	184072	22690
14912	GCF_000500345.1	230844	2630541020	30921	3760915	212962	36367
15043	GCF_000503995.1	326594	277059195	2457	9558897	9928	74702
15159	GCF_000507365.1	51031	244075060	11864	211861	65213	5429
15508	GCF_000517525.1	6850	1828271751	286793	254089	469510	11441
15754	GCF_000523025.1	244447	470199494	31181	509861	62912	27008
16274	GCF_000534875.1	9135	1152100110	304400	17815079	358420	53884
18099	GCF_000572035.2	69319	241190213	1794	1139389	27508	14116
19366	GCF_000599845.1	7493	195087592	357	3706225	7879	78655
19931	GCF_000611835.1	2015173	212825769	4579	1350650	16782	34211
19939	GCF_000612105.1	222816	201220334	936	2372050	13392	54038
20389	GCF_000622305.1	1026970	3061424619	154976	3618479	356097	30353
20783	GCF_000633615.1	8081	731622281	3029	5270359	40144	41908
21417	GCF_000648655.1	29053	555044930	5445	1037125	76456	14521
21418	GCF_000648675.1	79782	650477627	1402	7172596	45073	23511
23306	GCF_000687185.1	188379	1206501934	11791	3067157	100662	29019
23307	GCF_000687205.1	56313	1120143088	62122	52818	171345	17226
23308	GCF_000687225.1	29073	2301379344	23819	15940661	134162	46506
23310	GCF_000687285.1	97097	1152958507	66785	47896	132071	22941
23312	GCF_000687375.1	36300	1160924693	63982	43364	121562	21679
23456	GCF_000690535.1	54380	1132245425	53474	55197	112704	24645
23463	GCF_000690715.1	57412	1075931597	70188	46063	114650	25860
23464	GCF_000690725.1	144197	800491834	5818	411659	42060	43010
23466	GCF_000690775.1	54383	1088019637	62699	47243	115170	24402
23468	GCF_000690835.1	30455	1141395646	57389	47208	112214	25926
23469	GCF_000690875.1	37040	1129694867	61831	45523	126713	24321
23494	GCF_000691405.1	8969	1133549865	50905	57319	111484	25143
23508	GCF_000691785.1	188344	1136244952	57160	62640	113170	24735
23511	GCF_000691845.1	57421	1062961556	53499	48089	104131	24675
23514	GCF_000691975.1	85066	1091312783	10547	6953989	89646	29093
23515	GCF_000692015.1	328815	1145854002	92755	2558866	138155	43697
23518	GCF_000692075.1	30419	1203712246	10256	2937227	109627	28179
23669	GCF_000695195.1	187382	1086566339	59693	45221	115823	21641
23689	GCF_000695765.1	54374	1087290853	67520	47102	119122	22740
23691	GCF_000695815.1	57068	1035876403	53875	64469	120312	20602
23711	GCF_000696425.1	482537	3187660572	179514	245189	511878	20752
23722	GCF_000696695.1	9798	2395954271	53097	513800	134060	57610
23727	GCF_000696795.1	286706	1150108890	12168	802423	132308	17705
23730	GCF_000696875.1	176057	1053559886	42180	61475	93561	26546
23781	GCF_000698965.1	8801	1225041896	6915	3593425	79564	34997
23783	GCF_000699005.1	118200	1167323935	31254	2093929	127725	24809
23785	GCF_000699085.1	9244	1105676412	54736	4052191	124820	26738
23786	GCF_000699105.1	9238	1216617519	19265	5118896	114374	22195
23788	GCF_000699145.1	9233	1254347440	10672	5071598	83173	31730
23792	GCF_000699245.1	240206	1069324295	58607	49530	107160	26448
23802	GCF_000699445.1	6185	375894156	29834	317484	59195	22446
23860	GCF_000700745.1	279965	1119683066	70122	46345	126789	22156
23982	GCF_000703405.1	57397	1070836417	54728	56673	105649	28882
24072	GCF_000705375.1	94827	1047056493	82514	246268	142367	29773
24147	GCF_000708025.1	50402	1219859583	15167	3657050	79162	39278
24157	GCF_000708225.1	128390	1223863029	59555	5211696	130030	29116
24187	GCF_000708925.1	9209	1138967842	64312	48427	162787	17343
24204	GCF_000709325.1	55661	1153894225	14930	2989832	71907	38137
24206	GCF_000709365.1	121530	1155540733	59587	56334	134672	22885
24230	GCF_000709895.1	925459	1127622302	53491	52178	111850	23331
24247	GCF_000710305.1	175836	1065782791	62257	53203	180800	14587
24478	GCF_000715545.1	6198	620452578	42216	1349843	71006	36994
25179	GCF_000732505.1	28743	1035184475	9259	835301	110959	20803
25251	GCF_000735185.1	8208	636613682	38657	217655	72571	17492
25325	GCF_000737465.1	52644	1178409481	1023	9145499	31786	105493
25564	GCF_000743615.1	885580	2333892479	74730	5314287	162545	44830
25750	GCF_000747805.1	8897	1119188094	19072	3841852	84595	30757
26019	GCF_000754665.1	9901	2828031685	128431	7192658	470415	19971
26487	GCF_000765115.1	9938	2589834840	6173	2217029	128014	39721
26530	GCF_000766835.1	8962	1192743076	1142	9230743	17032	172329
26555	GCF_000767585.1	9838	2004063690	32573	4188677	105348	69131
26566	GCF_000767855.1	9837	1992663268	35455	8812066	67435	139019
26609	GCF_000769185.1	61622	2899552139	135512	1549224	196797	77151
26760	GCF_000772875.2	9544	3236224332	286263	4193270	348494	107156
27391	GCF_000788275.1	150288	955752150	16620	2375582	108947	20437
28209	GCF_000806345.1	28588	374820345	5572	1399015	43002	17360
28210	GCF_000806365.1	64838	153631861	1042	978588	8510	51867
29069	GCF_000826765.1	8078	1021898560	10180	1252252	120723	16688
29429	GCF_000836215.1	76194	227021014	3874	3672263	14375	47768
29430	GCF_000836235.1	66420	243890167	5572	6198915	10777	128246
34111	GCF_000935625.1	125878	2053867363	25188	1069101	147513	32798
34670	GCF_000949405.1	411798	287900827	13258	1346088	23916	32417
34730	GCF_000951035.1	336983	2970124662	13124	7840981	197124	38363
34731	GCF_000951045.1	9568	3061992840	12821	3186748	246054	31346
34913	GCF_000955945.1	9531	2848246356	11433	12849131	76752	112942
34918	GCF_000956065.1	9545	2948703511	9733	15219753	94057	106897
34919	GCF_000956105.1	379532	2798152141	22539	5604909	299070	28129
34923	GCF_000956235.1	64793	324120201	77788	1175369	103610	37912
35340	GCF_000966335.1	7950	807711962	6915	1860920	73682	22275
35538	GCF_000971095.1	8845	1119151626	7593	5202740	91944	27602
35611	GCF_000972845.1	215358	678938134	6014	1034540	25556	68287
35812	GCF_000980195.1	307658	257976923	12136	75377	23133	21806
36479	GCF_001015335.1	35570	971188624	12042	504651	125702	11309
39219	GCF_001077635.1	35019	1424897867	7930	647592	175977	10447
44467	GCF_001186105.1	680683	406468287	7301	1586980	47095	17697
44809	GCF_001194135.1	37653	2338188782	151674	475182	700124	5532
48067	GCF_001263275.1	597456	296954667	27566	1784116	50205	22370
48206	GCF_001266775.1	52670	866963281	29785	1098383	168369	8097
48461	GCF_001272555.1	178035	279505983	4178	2549405	7790	191865
49596	GCF_001298355.1	76193	278436446	63187	1174287	68691	92238
50051	GCF_001313825.1	609295	259665865	14123	1361239	35235	29911
50052	GCF_001313835.1	91411	211202212	3836	521566	19591	29465
54425	GCF_001412515.1	454923	388752668	3968	645483	25534	44932
55319	GCF_001431845.1	198806	1229094286	3753	10060041	34157	109237
55770	GCF_001443285.1	48699	815144743	17988	279200	54625	33278
55772	GCF_001443325.1	48701	801711499	18105	275316	50601	39840
55927	GCF_001447265.1	9172	1036755994	2361	3416708	22666	151865
55933	GCF_001447785.1	146911	2490274461	191500	707733	335470	29574
56595	GCF_001465895.1	105023	1242518059	6013	15858201	74941	19950
58320	GCF_001515605.1	1608454	1632718266	85682	1284143	254423	17271
58321	GCF_001515625.1	307959	1655786410	164173	945738	314963	18758
58322	GCF_001515645.1	75366	1750287761	31277	1156368	168074	29353
