	refseq	taxid	total_length	scaffold_count	scaffold_N50	contig_count	contig_N50
174	GCF_000346485.2	128403	12294410	40	11632038	86	461908
552	GCF_000816865.1	1416674	5259913	61	360339	80	243223
961	GCF_001484765.1	1384589	5453996	115	298088	132	179765
969	GCF_001484965.1	1649580	3982201	86	164238	98	164238
985	GCF_001499735.1	610332	10382612	43	5069971	372	28814
1020	GCF_001506075.1	1761910	4762049	3	4067252	43	272737
1205	GCF_001513955.1	67350	9639743	32	908089	87	436750
1206	GCF_001513965.1	67285	9835283	129	265228	201	147351
1207	GCF_001513975.1	146536	8412249	31	765357	53	333488
1208	GCF_001513985.1	67304	9555958	30	637039	53	491613
1209	GCF_001514035.1	67386	10159272	98	463572	188	258279
1210	GCF_001514045.1	58343	9844122	47	446159	110	218959
1211	GCF_001514055.1	1903	10309547	71	535873	116	211102
1212	GCF_001514065.1	1890	10145887	29	767418	56	419334
1213	GCF_001514115.1	1963	11669312	98	373123	169	283179
1214	GCF_001514125.1	68231	8363623	32	452173	74	271394
1215	GCF_001514135.1	33903	8950231	75	489586	124	247714
1216	GCF_001514145.1	58343	11570753	78	485926	133	309626
1217	GCF_001514195.1	67304	9866755	29	987818	63	389986
1218	GCF_001514205.1	1943	10217879	88	380444	169	217124
1219	GCF_001514215.1	285568	8408982	73	318751	137	156764
1220	GCF_001514235.1	661399	10290495	64	556829	116	218496
1221	GCF_001514265.1	67356	9179735	35	697917	61	264564
1222	GCF_001514285.1	1739111	9379038	52	556575	101	339891
1223	GCF_001514305.1	909626	10773767	152	214515	248	141443
1262	GCF_001516405.1	1316913	1687671	11	411300	33	115920
1263	GCF_001516415.1	1316917	1680912	8	982195	23	293609
1264	GCF_001516425.1	1316918	1610259	9	350912	20	151466
1265	GCF_001516435.1	1316914	1671886	8	351195	29	150858
1266	GCF_001516485.1	1316922	1618368	9	961762	22	185013
1267	GCF_001516495.1	1316924	1613698	11	292007	24	151178
1268	GCF_001516505.1	1316920	1613328	11	351534	21	165660
1269	GCF_001516515.1	1316921	1687178	12	973921	34	106463
1270	GCF_001516565.1	1316919	1654246	11	349162	28	175819
1302	GCF_001517625.2	1720194	3412755	7	2148528	8	1822226
1304	GCF_001517665.2	1720298	1739703	11	436963	12	436963
1319	GCF_001517975.1	665004	4430365	19	870518	168	59904
1368	GCF_001519055.1	1739114	4422865	42	220393	54	197020
1369	GCF_001519065.1	1739113	4787028	34	378546	52	182542
1370	GCF_001519075.1	1117702	3968408	7	2093241	14	771590
1906	GCF_001530325.1	511	4165479	17	515657	39	179577
2613	GCF_001546115.1	34004	4589403	21	2352278	55	193047
2614	GCF_001546135.1	33007	2344907	30	280633	45	280633
2615	GCF_001546145.1	419015	1748893	34	191697	54	107771
2616	GCF_001546155.1	33029	2427147	402	31181	426	30290
2617	GCF_001546165.1	33036	2015538	70	75816	106	43452
2618	GCF_001546215.1	1398	3312432	156	49171	213	37885
2619	GCF_001546225.1	1681	2262348	34	207215	64	73084
2620	GCF_001546235.1	1685	2358436	29	173475	50	78124
2621	GCF_001546275.1	216816	2372082	39	197578	99	45458
2622	GCF_001546285.1	546	4927776	24	493823	43	174437
2623	GCF_001546305.1	545	4812175	63	303787	126	70079
2624	GCF_001546325.1	545	4811954	55	270757	117	73343
2625	GCF_001546355.1	1502	3590266	228	51972	274	39818
2626	GCF_001546375.1	1352	2657288	84	98857	148	30689
2627	GCF_001546385.1	1260	1829690	45	227586	93	54148
2628	GCF_001546395.1	134605	1797919	77	59181	117	47315
2629	GCF_001546435.1	851	2392347	199	30887	294	18538
2630	GCF_001546445.1	2702	1507903	18	361165	47	82698
2631	GCF_001546455.1	2702	1489151	25	145945	60	64758
2632	GCF_001546485.1	2702	1596709	59	76126	109	28096
2633	GCF_001546515.1	573	5401484	135	108187	163	78963
2634	GCF_001546525.1	1596	1914452	64	56307	81	44698
2635	GCF_001546555.1	54005	1874365	22	269331	50	111465
2636	GCF_001546565.2	28125	2459295	127	48915	153	45352
2637	GCF_001546595.1	28128	2859509	177	67706	288	54775
2638	GCF_001546605.1	1280	2761731	103	87860	204	30244
2639	GCF_001546615.1	28035	2501835	41	175562	101	55362
2640	GCF_001546635.1	1286	2730115	50	169442	75	140281
2641	GCF_001546675.1	1311	2089603	39	119367	49	96295
2642	GCF_001546685.1	1311	2068280	36	126052	49	91219
2643	GCF_001546695.1	1311	2175269	52	101041	66	78947
2644	GCF_001546715.1	1311	2192737	31	107365	53	74778
2645	GCF_001546755.1	1311	1989975	42	91885	57	80641
2646	GCF_001546775.1	1311	2031615	85	42159	91	41830
2647	GCF_001546785.1	1311	2142748	27	157447	40	108407
2648	GCF_001546795.1	28037	1902827	55	106867	110	36921
2649	GCF_001546835.1	1304	2103587	78	110470	135	45666
2650	GCF_001546845.1	39777	2098853	94	84707	132	59595
2651	GCF_001546855.1	1603888	2453897	70	74086	125	54735
2652	GCF_001546875.1	33010	2467154	16	701708	23	701708
2790	GCF_001552755.1	87541	1710611	60	90206	107	37522
2791	GCF_001552765.1	1497954	3036377	143	78710	237	37917
2792	GCF_001552775.1	1497953	1864012	34	194040	108	38412
2793	GCF_001552785.1	1393034	1452105	36	119993	46	117811
2796	GCF_001552875.1	545	4882379	45	415269	113	77888
2797	GCF_001552885.1	1497955	1553644	35	115366	47	84050
2798	GCF_001552895.1	1588751	1600888	68	58537	95	36986
2799	GCF_001552935.1	1588753	1698073	50	183670	78	81285
2800	GCF_001552955.1	161879	2535741	9	489766	14	447447
2801	GCF_001552965.1	1384076	2690895	46	140177	54	108492
2802	GCF_001552975.1	467210	2919224	82	115694	151	74289
2803	GCF_001553005.1	502393	1289860	59	51138	80	34026
2804	GCF_001553035.1	1379	1892523	83	53153	135	28273
2805	GCF_001553045.1	157687	2377589	126	56177	180	34256
2806	GCF_001553055.1	1476999	2134018	13	583762	34	124677
2807	GCF_001553085.1	1588755	1541912	19	191214	42	86202
2808	GCF_001553115.1	755172	1837050	30	145619	48	103885
2809	GCF_001553125.1	1477000	1777928	72	56550	91	50038
2810	GCF_001553145.1	1261	2002682	88	56394	106	40745
2811	GCF_001553165.1	1588749	2355383	62	127304	157	33860
2813	GCF_001553215.1	322095	2355383	62	127304	157	33860
2814	GCF_001553225.1	419005	2378563	112	67916	155	52862
2815	GCF_001553265.1	1384078	2825213	94	85666	123	60820
2816	GCF_001553285.1	184870	2096989	14	364836	28	173408
2817	GCF_001553315.1	39778	2045490	58	179344	104	64367
2818	GCF_001553335.1	29466	2050442	41	109450	83	60665
2819	GCF_001553345.1	1384081	1664293	27	209396	54	107519
2820	GCF_001553355.1	1588754	1593598	65	115127	112	64371
2821	GCF_001553395.1	1384082	1729361	45	137529	85	96323
2822	GCF_001553405.1	1588748	1566925	33	149897	53	87201
2826	GCF_001553525.1	584	3899263	62	192485	95	114898
2998	GCF_001557575.1	573	5604115	11	5290667	33	559437
3198	GCF_001562555.1	2052828	4750408	30	297546	39	269455
3210	GCF_001562835.1	562	5109471	142	184722	211	99475
3211	GCF_001562845.1	82135	1504164	24	164558	42	91149
3212	GCF_001562855.1	562	5247497	183	94987	247	57578
3228	GCF_001563365.1	542	2200722	30	385689	41	305436
3237	GCF_001563585.1	197614	2210566	76	68623	112	43425
3238	GCF_001563595.1	1261	2023341	65	74465	105	49257
3239	GCF_001563605.1	1603887	2770079	78	83681	83	76402
3240	GCF_001563615.1	47770	2389793	215	23944	229	23812
3241	GCF_001563665.1	2702	1602630	31	159827	61	45741
3533	GCF_001571425.1	626937	2906526	53	1585760	67	192884
3673	GCF_001574395.1	1588750	1730175	55	125588	91	74737
3674	GCF_001574405.1	28125	2579172	114	68280	141	52022
3820	GCF_001578555.1	820	4656958	86	137248	131	104797
3821	GCF_001578565.1	818	6089777	108	143966	187	83684
3822	GCF_001578575.1	28116	6294259	87	221173	129	121548
3823	GCF_001578585.1	1574262	2576488	112	47023	144	36139
3824	GCF_001578635.1	329854	6828347	102	253662	181	97794
3825	GCF_001578645.1	1574264	3109783	51	173896	113	86621
3826	GCF_001578675.1	1437876	3901461	55	170323	61	169244
3827	GCF_001578695.1	315405	2530481	195	271071	636	7236
3828	GCF_001578705.1	1303	1965030	25	1188840	70	100035
3829	GCF_001578715.1	1776443	2313191	37	1596593	147	29495
3830	GCF_001578725.1	1776578	2199747	61	404855	249	16035
3831	GCF_001578775.1	45634	2206539	44	1734855	123	52231
3832	GCF_001578785.1	150055	1801107	41	1425299	173	24471
3833	GCF_001578805.1	1777878	2189983	84	238149	237	18931
3834	GCF_001578865.1	1777879	2808579	103	406898	490	11034
3835	GCF_001578875.1	1777881	1716726	15	1349942	74	43579
3836	GCF_001578885.1	1777880	1676814	11	1307371	22	179881
3837	GCF_001578935.1	1303	2001295	29	1322860	97	68848
3838	GCF_001578945.1	1303	2052376	139	565661	445	10658
3839	GCF_001578955.1	1318	2287057	116	595183	539	7839
3840	GCF_001579025.1	1303	1956555	26	1312991	166	24580
3841	GCF_001579045.1	28037	2169250	24	634063	72	90738
3842	GCF_001579095.1	1303	2017572	20	1651404	67	70682
3843	GCF_001579105.1	1777865	2544961	153	359441	728	5579
3844	GCF_001579135.1	315405	2548002	190	234394	625	8252
3845	GCF_001579175.1	1303	2129793	29	822929	230	19264
3855	GCF_001579525.1	1303	1826277	15	485727	27	177788
3858	GCF_001579625.1	1303	2148846	230	118081	580	6812
3859	GCF_001579645.1	68892	2111724	56	239091	219	18819
3876	GCF_001580095.1	817	5206456	52	311131	145	70724
3877	GCF_001580105.1	817	5206456	52	311131	145	70724
3878	GCF_001580115.1	1574263	3151416	114	63117	192	31796
3879	GCF_001580195.1	1574265	3113726	40	161128	82	103428
3962	GCF_001582135.1	446	3569569	45	194117	48	168191
3963	GCF_001582145.1	446	3711534	41	262348	44	221349
3964	GCF_001582155.1	446	3567177	45	168175	49	168175
3965	GCF_001582165.1	933091	3431441	18	335974	20	335974
3966	GCF_001582215.1	446	3286842	47	203988	51	197403
3967	GCF_001582225.1	446	3338544	53	107579	56	103410
3968	GCF_001582235.1	446	3661813	45	219462	48	196119
3969	GCF_001582245.1	446	3649843	40	219461	41	208120
3970	GCF_001582295.1	446	3426496	28	247255	29	235389
3971	GCF_001582305.1	446	3303037	46	124514	47	124514
3972	GCF_001582315.1	446	3264206	41	172952	43	172952
3973	GCF_001582325.1	446	3645343	43	211860	46	204639
3974	GCF_001582375.1	446	3364106	35	251307	36	251307
3975	GCF_001582385.1	446	3534089	80	132258	86	127065
3976	GCF_001582395.1	446	3666043	55	168207	58	168207
3977	GCF_001582405.1	446	3386329	30	261981	33	261981
3978	GCF_001582455.1	446	3242781	39	172782	42	155452
3979	GCF_001582465.1	446	3431853	79	125437	80	125437
3980	GCF_001582475.1	446	3308969	27	267982	33	225297
3981	GCF_001582485.1	446	3251458	42	153112	44	153112
3982	GCF_001582535.1	446	3442598	38	189585	40	189585
3983	GCF_001582545.1	446	3407801	40	174921	42	174921
3984	GCF_001582555.1	446	3427391	42	194356	46	194356
3985	GCF_001582565.1	446	3247985	44	251672	48	225663
3986	GCF_001582615.1	446	3544661	37	247610	44	211834
3987	GCF_001582625.1	446	3543064	35	234806	37	219339
3988	GCF_001582635.1	446	3437434	27	389677	29	340591
3989	GCF_001582645.1	446	3332434	44	185273	50	175229
3990	GCF_001582695.1	446	3597996	49	163362	55	159622
3991	GCF_001582705.1	446	3597996	49	163362	55	159622
3992	GCF_001582715.1	446	3684924	52	219478	54	219478
3994	GCF_001582775.1	446	3432941	30	228160	31	219322
3995	GCF_001582785.1	446	3556240	44	219462	49	196119
3996	GCF_001582795.1	446	3493334	31	219775	33	219775
3997	GCF_001582855.1	446	3606621	51	194133	53	194133
3998	GCF_001582865.1	446	3615465	90	112590	95	108662
4032	GCF_001583565.1	446	3591290	66	209162	70	134429
4033	GCF_001583575.1	446	3442741	32	234678	34	234678
4034	GCF_001583585.1	446	3656267	46	168174	51	168174
4035	GCF_001583595.1	446	3553824	40	194251	43	194251
4036	GCF_001583645.1	446	3473919	28	405377	32	235234
4448	GCF_001594285.1	28131	2673161	55	119856	70	119856
4682	GCF_001601555.1	590158	3188572	9	3086269	23	370188
4717	GCF_001604705.1	584	3806618	35	1913208	83	152517
5130	GCF_001613565.1	573	5546703	64	225589	87	196491
5131	GCF_001613575.1	573	5550293	60	226663	92	176115
5132	GCF_001613585.1	573	5541511	69	222090	85	207961
5133	GCF_001613595.1	573	5544407	72	221429	74	211061
5134	GCF_001613645.1	573	5545016	75	210262	76	210262
5135	GCF_001613655.1	573	5546912	67	214352	102	129477
5136	GCF_001613665.1	573	5574386	72	210790	103	188264
5137	GCF_001613715.1	573	5534841	73	213749	104	143106
5337	GCF_001618145.1	937928	4118836	73	129999	79	107386
5344	GCF_001618285.1	1247	1768827	13	1762881	51	113013
5460	GCF_001620885.1	1140114	5540009	57	335615	58	309968
5620	GCF_001625105.1	455432	9282228	3	4641778	21	802969
5622	GCF_001625175.1	766224	5945135	442	44761	446	43831
5680	GCF_001630805.1	573	5604905	72	418447	81	387858
5736	GCF_001632225.1	1417987	3058319	45	625477	69	303240
5883	GCF_001636315.1	1193713	5807726	2	5806292	7	1634209
5884	GCF_001636325.1	762947	5471077	9	2774433	12	2774433
5885	GCF_001636335.1	549687	4131589	5	3460279	7	2739816
5886	GCF_001636345.1	859144	4586855	3	4584535	9	874575
5887	GCF_001636395.1	220687	5668192	2	5667584	3	5405962
5888	GCF_001636405.1	450367	5460250	2	5459700	6	1809189
5889	GCF_001636415.1	220684	5305306	3	5303701	5	2212394
5890	GCF_001636425.1	209389	5138363	7	4770726	10	1998935
5891	GCF_001636485.1	1830326	5713881	4	5659874	7	4413263
5932	GCF_001637525.1	260554	4090772	3	2970191	5	2968905
6090	GCF_001641065.1	1715004	3903961	122	90600	272	26688
6148	GCF_001642595.1	1402	4154962	24	490745	28	490745
6348	GCF_001647615.1	1131336	3108219	54	150246	97	101948
6397	GCF_001648595.1	447	4113505	112	163927	119	163927
6398	GCF_001648605.1	29423	2711713	49	106684	54	104325
6399	GCF_001648615.1	453	3529149	127	83813	137	78604
6400	GCF_001648625.1	451	3279009	27	284775	30	237159
6401	GCF_001648675.1	456	3087349	28	305899	30	228086
6402	GCF_001648685.1	464	3816964	50	129640	68	110633
6446	GCF_001650175.1	1184151	7815908	36	2011814	194	76854
7005	GCF_001663775.1	1570137	4663437	8	3299557	25	410635
7460	GCF_001675835.1	1812935	4699637	25	475821	26	475821
7747	GCF_001682515.1	134534	4284915	25	555735	26	555735
7851	GCF_001685505.1	95485	7968936	4	3210539	23	582072
7932	GCF_001687305.1	1857645	2202666	10	489560	12	420311
8026	GCF_001689745.1	546	4877666	79	325726	439	29222
8029	GCF_001689915.1	904291	2760011	24	215745	29	215745
8189	GCF_001693695.1	817	5175502	14	1093479	16	931600
8489	GCF_001700615.1	636	3684793	35	317639	41	316099
8577	GCF_001703835.1	1117645	4084052	18	4056868	27	1882703
8660	GCF_001705785.1	68042	10242506	125	317920	133	293863
8747	GCF_001708125.1	561176	7664864	33	390506	86	178479
8751	GCF_001708205.1	1311	2111437	3	916250	4	520299
8961	GCF_001712795.1	457944	9184886	332	53006	425	41001
9057	GCF_001715025.1	29562	1012257	76	28893	100	25123
9058	GCF_001715035.1	29562	1018119	70	37888	79	27233
9059	GCF_001715045.1	29562	1038865	81	23460	106	18271
9060	GCF_001715085.1	743968	1038477	100	21044	181	13710
9061	GCF_001715095.1	29562	1007925	78	29370	138	16307
9062	GCF_001715105.1	29562	1000118	85	36017	141	18527
9063	GCF_001715115.1	29562	1014059	83	32527	143	17013
9438	GCF_001726065.1	28031	4892467	3	4756334	8	3609563
9964	GCF_001748065.1	1255	1774865	1	1774865	26	87139
10802	GCF_001806545.1	1581180	4083546	101	118969	131	88323
10803	GCF_001806555.1	1581179	4235516	117	136274	192	75442
10804	GCF_001806565.1	1581182	4056622	77	128616	145	55356
10805	GCF_001806575.1	1581181	3979326	68	184637	102	103479
10806	GCF_001806625.1	1581183	4137486	136	91682	188	69957
10807	GCF_001806635.1	1581184	4286468	113	138393	154	80097
10808	GCF_001806645.1	1581185	4062786	69	118779	127	80388
10809	GCF_001806655.1	1581186	4069234	79	128619	127	91924
10810	GCF_001806705.1	1581187	4060413	91	113889	130	72256
10811	GCF_001806715.1	1581188	4015638	79	152320	108	99054
10812	GCF_001806725.1	1581189	4070187	85	157295	141	90390
10813	GCF_001806735.1	1581191	4217734	98	139497	161	60493
10814	GCF_001806785.1	1581192	4059828	64	134413	105	97302
10815	GCF_001806795.1	1581055	2294082	45	108793	69	67627
10816	GCF_001806805.1	1581058	2099444	30	511695	130	29189
10817	GCF_001806835.1	1581060	2404913	63	106051	94	52864
10818	GCF_001806865.1	1581066	2497531	66	144292	88	67774
10819	GCF_001806875.1	1581069	2407836	88	61526	110	60766
10820	GCF_001806895.1	1581068	4321789	120	116630	139	93898
10821	GCF_001806915.1	1581071	1927473	35	101074	61	55906
10822	GCF_001806945.1	1581072	2522797	46	133507	85	75599
10823	GCF_001806955.1	1581083	6130622	460	28425	569	21369
10824	GCF_001806975.1	1581084	1892427	71	55098	101	40973
10825	GCF_001806995.1	1581088	2443105	75	97736	101	67824
10826	GCF_001807025.1	1581089	2753203	88	66499	117	49911
10827	GCF_001807045.1	1581090	2433278	20	345509	45	112128
10828	GCF_001807055.1	1581096	4442154	153	94035	187	85956
10829	GCF_001807075.1	1581098	2562236	55	178113	76	103297
10830	GCF_001807105.1	1581103	2490969	48	139518	62	82714
10831	GCF_001807115.1	85698	6633798	356	37050	475	28205
10832	GCF_001807145.1	1581111	5123096	114	172630	167	81053
10833	GCF_001807155.1	1581113	2390226	52	134298	82	84887
10834	GCF_001807185.1	1581114	4427015	178	61619	232	39529
10835	GCF_001807205.1	1581115	2642799	43	123183	51	117897
10836	GCF_001807215.1	1581116	2812770	85	85493	105	84293
10837	GCF_001807225.1	1581117	2797062	85	111645	123	84586
10838	GCF_001807265.1	1581119	2411621	55	113364	72	85703
10839	GCF_001807285.1	1581120	2422248	25	298474	45	147241
10840	GCF_001807295.1	1581121	2652216	74	130971	82	107868
10841	GCF_001807315.1	1581123	2672576	43	166770	52	102462
10842	GCF_001807345.1	1581125	2251090	24	296764	31	207984
10843	GCF_001807365.1	1581126	2627043	40	193757	45	188581
10844	GCF_001807385.1	1581127	3499000	337	17148	354	16708
10845	GCF_001807395.1	1581128	2177709	38	146698	77	74880
10846	GCF_001807425.1	1581129	2179205	52	141393	118	47996
10847	GCF_001807435.1	1581131	2168922	17	341732	26	174779
10848	GCF_001807465.1	1581133	3046742	87	88623	148	51494
10849	GCF_001807485.1	1581134	2215784	31	153574	43	100952
10850	GCF_001807495.1	1581137	2657712	41	174522	53	152536
10851	GCF_001807505.1	1581138	2418743	30	171078	52	155737
10852	GCF_001807545.1	1581139	2413488	74	89869	92	70346
10853	GCF_001807555.1	1581140	2265558	35	172682	63	67299
10854	GCF_001807575.1	1581143	2206355	41	146894	69	107095
10855	GCF_001807585.1	1581144	2241036	18	337119	23	179211
10856	GCF_001807625.1	1581049	2535716	140	31394	279	16116
10857	GCF_001807635.1	1581051	2837234	46	125241	121	41060
10858	GCF_001807645.1	1581057	5590409	52	362658	97	106014
10859	GCF_001807655.1	1581062	1914489	110	41987	141	34226
10860	GCF_001807705.1	1581064	5916718	158	171789	210	81229
10861	GCF_001807725.1	1581074	1914916	37	120762	64	51550
10862	GCF_001807735.1	1581075	2257660	87	55728	132	29578
10863	GCF_001807785.1	1581076	2170492	24	265174	57	136164
10864	GCF_001807795.1	1581077	2195798	87	59884	102	56955
10865	GCF_001807805.1	1581078	2734772	90	65204	116	61126
10866	GCF_001807845.1	1581079	5944249	115	150977	186	87349
10867	GCF_001807855.1	1581080	2347668	58	192884	120	74312
10868	GCF_001807865.1	1581081	4114905	63	157671	87	108719
10869	GCF_001807895.1	1581082	4491970	158	52610	216	32349
10870	GCF_001807925.1	1581085	6322964	137	111910	257	51829
10871	GCF_001807935.1	1581086	2057851	28	183235	38	93304
10872	GCF_001807955.1	1581087	3858184	88	267022	172	94265
10873	GCF_001807965.1	1581092	2684559	52	177233	81	169442
10874	GCF_001808005.1	1581093	2569697	69	220625	101	122349
10875	GCF_001808015.1	1581094	4820740	48	406136	134	68397
10876	GCF_001808025.1	1581095	5836832	64	209670	129	129522
10877	GCF_001808035.1	1581097	3949877	53	220227	78	108233
10878	GCF_001808085.1	1581099	2218800	47	97584	73	85174
10879	GCF_001808095.1	1581100	2487776	75	97144	95	93524
10880	GCF_001808105.1	1581101	2490409	93	76078	119	66915
10881	GCF_001808125.1	1581102	2383654	57	104952	83	82800
10883	GCF_001808205.1	1581104	2462129	104	63997	309	15584
10884	GCF_001808215.1	1581106	5396751	132	136431	210	62227
10886	GCF_001808255.1	1581107	2178870	47	216540	85	69143
10887	GCF_001808265.1	1581108	5364834	136	143780	185	80389
10888	GCF_001808305.1	1581109	6855127	145	117963	263	56948
10889	GCF_001808325.1	1581110	5721192	58	315355	117	109213
10890	GCF_001808335.1	1581112	2421537	128	66981	137	66981
10891	GCF_001808345.1	1581122	2373930	22	278083	28	203343
10892	GCF_001808385.1	1581132	2486809	36	142003	61	83625
10893	GCF_001808405.1	1581135	2065259	52	103530	61	71319
10894	GCF_001808415.1	1581136	1962433	140	28263	178	22896
10895	GCF_001808425.1	1581141	5191709	59	184065	102	104760
10896	GCF_001808465.1	1581142	1974588	33	121351	43	110230
10897	GCF_001808475.1	1581146	6180115	141	158835	209	86106
10898	GCF_001808485.1	1581145	1628392	33	394246	61	90862
10899	GCF_001808505.1	1581147	2496763	105	62817	122	55107
10900	GCF_001808545.1	1739392	2636380	61	232494	88	137779
10901	GCF_001808555.1	1739394	2123164	103	60600	211	23382
10902	GCF_001808575.1	1715050	2091734	58	105729	72	100734
10903	GCF_001808585.1	1715077	2112118	64	102260	91	54122
10904	GCF_001808625.1	1715078	2063998	108	39546	112	39546
10905	GCF_001808635.1	1715081	2092228	25	230316	42	115228
10906	GCF_001808655.1	1715086	2134256	55	167699	95	88179
10907	GCF_001808665.1	1715092	2103277	93	178063	162	35966
10908	GCF_001808705.1	1715098	2130501	101	141349	157	46740
10909	GCF_001808715.1	1715099	2334359	72	104916	87	63801
10910	GCF_001808725.1	1715164	2093215	21	1327792	80	63665
10911	GCF_001808745.1	1715165	2105612	24	205316	82	45262
10912	GCF_001808785.1	1715180	2094169	116	164805	201	44740
10913	GCF_001808795.1	1715182	2054769	38	115227	51	78330
10914	GCF_001808805.1	1715197	2529478	40	167990	86	58762
10915	GCF_001808815.1	1715202	2036788	92	42105	98	42105
10916	GCF_001808865.1	1715207	2096062	52	142591	93	53793
10917	GCF_001808875.1	1715052	2707625	130	68755	274	22252
10918	GCF_001808885.1	1715017	2654499	54	293426	80	113254
10919	GCF_001808895.1	1715006	2725857	79	83988	98	76637
10920	GCF_001808945.1	1715007	2421074	45	360349	82	102390
10921	GCF_001808955.1	1715008	2312383	23	343558	62	79323
10922	GCF_001808965.1	1715019	4330333	153	58701	180	54428
10923	GCF_001808975.1	1715016	2711203	129	77636	165	46016
10924	GCF_001809025.1	1715020	5771047	116	203141	199	69852
10925	GCF_001809035.1	1715021	2284273	78	77378	111	33567
10926	GCF_001809055.1	1715022	1901829	50	128438	64	98634
10927	GCF_001809065.1	1715027	2410671	45	161115	57	75302
10928	GCF_001809105.1	1715032	2567840	45	136175	99	48680
10929	GCF_001809115.1	1715034	2547863	51	297203	185	79615
10930	GCF_001809135.1	1715036	2876519	311	27853	342	23904
10931	GCF_001809145.1	1715038	2860120	289	31007	342	23480
10932	GCF_001809185.1	1715039	2667941	93	83585	125	60696
10933	GCF_001809205.1	1715041	2157871	49	151408	57	125142
10934	GCF_001809225.1	1715042	2430573	37	147600	49	86108
10935	GCF_001809235.1	1715045	2804419	97	101487	121	70217
10936	GCF_001809245.1	1715048	2476213	167	39525	261	19710
10937	GCF_001809255.1	1715217	1899912	46	316938	70	66144
10938	GCF_001809305.1	1715057	2212752	59	339901	80	168484
10939	GCF_001809325.1	1715079	2778426	182	43438	317	21842
10940	GCF_001809335.1	1715073	2948587	316	25818	362	23224
10941	GCF_001809345.1	1715080	2217005	52	354247	91	92992
10942	GCF_001809385.1	1715082	2686933	47	170151	73	133794
10943	GCF_001809405.1	1715083	2818382	82	173820	115	100597
10944	GCF_001809415.1	1715088	2439224	47	204867	76	141745
10945	GCF_001809445.1	1715091	2181331	72	129472	132	41383
10946	GCF_001809455.1	1715093	2456959	23	220710	34	122022
10947	GCF_001809485.1	1715100	2903158	61	98235	128	42449
10948	GCF_001809495.1	1715101	2503358	84	84745	119	60801
10949	GCF_001809525.1	1715104	2459656	17	721481	47	122905
10950	GCF_001809535.1	1715105	2135362	49	126344	98	41916
10951	GCF_001809565.1	1715109	2235828	19	568053	74	61093
10952	GCF_001809585.1	1715112	2186610	66	166309	124	40844
10953	GCF_001809595.1	1715117	2464647	147	58668	231	24269
10954	GCF_001809605.1	1715118	2191512	79	70016	93	66527
10955	GCF_001809645.1	1715120	2977398	83	100179	160	33428
10956	GCF_001809655.1	1715121	2390950	25	1210176	44	158288
10957	GCF_001809675.1	1715125	2727797	117	70448	159	38809
10958	GCF_001809695.1	1715130	2444943	24	319723	31	172343
10959	GCF_001809725.1	1715139	2275272	39	237047	56	122296
10960	GCF_001809735.1	1715141	2216852	80	159888	123	57126
10961	GCF_001809765.1	1715146	2950097	73	104887	141	43678
10962	GCF_001809775.1	1715145	6967925	166	206156	267	64130
10963	GCF_001809805.1	1715149	6807083	200	113476	348	58602
10964	GCF_001809815.1	1715151	2223309	51	131690	64	110843
10965	GCF_001809845.1	1715152	2138837	45	116920	57	100664
10966	GCF_001809865.1	1715156	2186068	59	127944	70	127944
10967	GCF_001809885.1	1715157	2223736	67	106369	93	79085
10968	GCF_001809895.1	1715159	2150168	29	245859	66	78769
10969	GCF_001809925.1	1715160	2458128	44	122986	53	104661
10970	GCF_001809935.1	1715163	6377920	95	371365	168	92181
10971	GCF_001809965.1	1715167	2491715	40	207671	101	53224
10972	GCF_001809975.1	1715170	2894155	41	189692	104	58300
10973	GCF_001810005.1	1715172	2570106	39	164139	94	51043
10974	GCF_001810025.1	1715173	2415834	78	83843	92	75256
10975	GCF_001810035.1	1715175	2261793	51	348445	111	59187
10976	GCF_001810045.1	1715174	2470772	92	93302	109	62195
10977	GCF_001810085.1	1715177	2753344	92	146466	108	84921
10978	GCF_001810105.1	1715179	2328971	122	87733	173	52003
10979	GCF_001810115.1	1715181	2914129	59	160169	133	43801
10980	GCF_001810135.1	1715189	2346201	36	345267	79	69071
10981	GCF_001810165.1	1715190	2212676	26	392265	52	73596
10982	GCF_001810185.1	1715192	2683231	50	166807	81	107865
10983	GCF_001810195.1	1715193	2461778	59	96887	67	81488
10984	GCF_001810205.1	1715195	6005247	76	240884	186	53542
10985	GCF_001810245.1	1715196	2407870	95	83730	103	75264
10986	GCF_001810265.1	1715201	2446352	125	93426	169	37806
10987	GCF_001810275.1	1715199	2395076	119	77188	146	46470
10988	GCF_001810285.1	1715203	2574878	61	212765	181	25910
10989	GCF_001810325.1	1715204	6464849	144	272449	270	57554
10990	GCF_001810345.1	1715211	1948914	34	473201	62	93653
10991	GCF_001810355.1	1715205	2663843	124	76241	275	18937
10992	GCF_001810365.1	1715213	2396802	62	135390	86	96591
10993	GCF_001810405.1	1715216	2283247	49	143427	67	92559
10994	GCF_001810425.1	1715012	4458191	156	75664	183	64209
10995	GCF_001810435.1	1739249	2448202	70	101812	94	78219
10996	GCF_001810465.1	1739250	6350043	110	295242	179	80919
10997	GCF_001810475.1	1739251	3501669	221	72246	338	36596
10998	GCF_001810505.1	1739252	2678953	66	107425	79	93816
10999	GCF_001810515.1	1739253	2309498	42	371370	94	74420
11000	GCF_001810545.1	1739254	1976024	30	248690	54	93321
11001	GCF_001810555.1	1739255	2409263	37	146631	44	120541
11002	GCF_001810585.1	1739256	2436086	52	274519	138	32366
11003	GCF_001810595.1	1739258	2857272	273	30788	308	25668
11004	GCF_001810625.1	1739259	2472033	78	82265	93	75360
11005	GCF_001810635.1	1739260	2490080	49	212419	81	117175
11006	GCF_001810665.1	1739261	2488549	55	404453	68	161632
11007	GCF_001810675.1	1739262	1835561	46	117600	73	63706
11008	GCF_001810695.1	1739264	2658959	58	149894	67	121860
11009	GCF_001810705.1	1739263	2018481	57	141612	72	110245
11010	GCF_001810745.1	1739265	1958630	71	88921	109	38250
11011	GCF_001810765.1	1739266	2052332	35	122690	44	91233
11012	GCF_001810775.1	1739269	2299565	38	387647	87	65159
11013	GCF_001810785.1	1739268	1875576	21	547914	72	52510
11014	GCF_001810825.1	1739270	1998154	38	296628	85	74374
11015	GCF_001810835.1	1739271	1652551	46	84461	66	62477
11016	GCF_001810845.1	1739272	2534015	25	678383	36	196927
11017	GCF_001810855.1	1739273	2787735	278	28042	323	22460
11018	GCF_001810905.1	1739274	2814204	76	110169	104	62545
11019	GCF_001810915.1	1739275	2118407	49	115999	69	62073
11020	GCF_001810925.1	85698	6741417	98	255847	178	102338
11021	GCF_001810965.1	1739277	2477684	14	681704	20	276350
11022	GCF_001810985.1	1739278	2363583	60	95928	86	62586
11023	GCF_001810995.1	1739279	2121738	56	1221721	121	47828
11024	GCF_001811025.1	1739280	1974023	35	249354	70	58774
11025	GCF_001811035.1	1739281	1954417	30	184495	38	87434
11026	GCF_001811065.1	1739282	2328563	76	268618	151	55464
11027	GCF_001811075.1	1739283	2217530	26	378893	58	75817
11028	GCF_001811085.1	1739284	2290184	45	239594	71	106970
11029	GCF_001811125.1	1739286	1887439	71	136194	109	74033
11030	GCF_001811135.1	1739288	1893491	63	77903	104	38624
11031	GCF_001811145.1	1739285	2606195	66	139156	76	117053
11032	GCF_001811185.1	1739289	2390972	72	207526	100	99264
11033	GCF_001811205.1	1739292	2425142	35	310448	46	139036
11034	GCF_001811215.1	1739293	6297513	69	275049	131	117257
11035	GCF_001811225.1	1739294	6303525	144	236144	247	72639
11036	GCF_001811255.1	1739296	2677738	71	135570	86	108671
11037	GCF_001811285.1	1739297	2859487	149	79821	202	34694
11038	GCF_001811305.1	1739299	2070036	44	184295	115	60243
11039	GCF_001811315.1	1739298	6513253	295	100928	361	62065
11040	GCF_001811325.1	1739300	2200272	41	309912	107	35600
11041	GCF_001811365.1	1739301	2229188	37	361297	82	121883
11042	GCF_001811375.1	1739303	2176357	60	246594	75	77495
11043	GCF_001811395.1	1739304	1607714	24	201920	53	70593
11044	GCF_001811425.1	1739305	1883002	70	97756	120	52364
11045	GCF_001811435.1	1739306	2482197	45	345452	77	104136
11046	GCF_001811455.1	1739308	2512257	29	247469	56	84257
11047	GCF_001811475.1	1739307	2394695	87	82259	105	70816
11048	GCF_001811505.1	1739309	2111510	97	84813	170	37703
11049	GCF_001811515.1	1739310	2745169	85	99139	107	94367
11050	GCF_001811545.1	1739311	2855933	88	163432	105	84173
11051	GCF_001811565.1	1739312	2761821	53	164511	91	89294
11052	GCF_001811575.1	1739313	3035607	295	31342	348	22101
11053	GCF_001811595.1	1739314	3000209	81	146716	106	83855
11054	GCF_001811625.1	1739315	2467456	216	30897	273	19091
11055	GCF_001811645.1	1739316	2481538	17	702395	26	190066
11056	GCF_001811665.1	1739317	1888237	66	192308	87	81358
11057	GCF_001811685.1	1739318	2409745	136	81986	288	21096
11058	GCF_001811695.1	1739319	6037808	167	140089	254	74263
11059	GCF_001811715.1	1739320	2855745	266	32935	296	26414
11060	GCF_001811745.1	1739321	2029419	30	176976	41	93224
11061	GCF_001811765.1	1739322	1954238	29	184537	37	104521
11062	GCF_001811775.1	1739323	2837842	81	109546	121	52722
11063	GCF_001811805.1	1739324	2436100	16	555435	25	210236
11064	GCF_001811815.1	1739325	2360001	73	171622	102	70099
11065	GCF_001811845.1	1739326	2717646	66	133930	81	127386
11066	GCF_001811855.1	1739328	2206325	70	344418	95	151013
11067	GCF_001811885.1	1739329	2617877	85	316071	115	128518
11068	GCF_001811895.1	1739330	2016954	30	1288609	65	66599
11069	GCF_001811925.1	1739331	2976960	274	29173	353	22944
11070	GCF_001811945.1	1739332	2271132	52	300096	101	72318
11071	GCF_001811965.1	1739333	2173025	59	106091	131	34816
11072	GCF_001811975.1	1739334	6411003	115	219261	166	109629
11073	GCF_001812005.1	1739335	2557238	22	400716	70	78877
11074	GCF_001812015.1	1739336	2022881	25	308136	63	53524
11075	GCF_001812045.1	1739337	2772250	8	731430	22	283629
11076	GCF_001812055.1	1739338	2302917	56	366219	94	106216
11077	GCF_001812065.1	1739339	2405291	99	231910	122	100016
11078	GCF_001812085.1	1739340	2274293	17	428531	56	134628
11079	GCF_001812125.1	1739341	2120682	142	48644	218	29787
11080	GCF_001812145.1	1739343	6287766	115	192468	175	106286
11081	GCF_001812155.1	1739342	2983067	126	62607	204	29376
11082	GCF_001812165.1	1739344	6003369	79	241815	188	54791
11083	GCF_001812205.1	1739346	2285914	25	356333	88	62208
11084	GCF_001812215.1	1739347	2525499	91	83307	110	70212
11085	GCF_001812225.1	1739348	2419950	128	40618	228	23031
11086	GCF_001812235.1	1739345	2487396	10	709263	16	294523
11087	GCF_001812285.1	1739349	2319336	14	734709	66	93931
11088	GCF_001812305.1	1739350	2846314	134	91750	169	85665
11089	GCF_001812315.1	1739354	2539163	79	82266	104	66102
11090	GCF_001812345.1	1739355	2402476	50	298284	68	147245
11091	GCF_001812365.1	1739356	1925251	55	126628	108	37244
11092	GCF_001812375.1	1739357	1926674	66	280749	88	110215
11093	GCF_001812395.1	1739358	1922812	15	302353	24	203088
11094	GCF_001812415.1	1739359	2490835	33	163434	89	59400
11095	GCF_001812445.1	1739360	2423602	71	108391	96	66379
11096	GCF_001812455.1	1739361	2473272	82	117950	87	95350
11097	GCF_001812465.1	1739362	2363067	168	25625	245	17401
11098	GCF_001812505.1	1739364	2460166	10	1470763	24	256757
11099	GCF_001812525.1	1739365	2994966	139	147676	227	40089
11100	GCF_001812535.1	1739366	2336009	85	100538	105	78606
11101	GCF_001812555.1	1739367	2586209	56	136557	76	68072
11102	GCF_001812565.1	1739368	2488463	29	369074	81	50953
11103	GCF_001812605.1	1739369	2317614	66	138283	104	76511
11104	GCF_001812615.1	1739370	2739871	120	84171	170	37176
11105	GCF_001812625.1	1739371	2243564	80	105692	147	49379
11106	GCF_001812645.1	1739372	2980006	294	26935	327	23904
11107	GCF_001812685.1	1739373	3068654	102	108914	184	30098
11108	GCF_001812695.1	1739374	1966998	30	187225	40	87435
11109	GCF_001812725.1	1739375	2304183	53	350460	82	109413
11110	GCF_001812735.1	1739376	2272351	75	83763	126	39982
11111	GCF_001812765.1	1739377	2260165	104	130475	132	58921
11112	GCF_001812775.1	1739378	2239545	23	284532	72	60544
11113	GCF_001812805.1	1739379	2768062	89	114796	117	87155
11114	GCF_001812815.1	1739380	1967326	51	165107	60	106264
11115	GCF_001812845.1	1739382	2493204	36	198782	42	142651
11116	GCF_001812855.1	1739381	2242094	97	79697	153	38162
11117	GCF_001812885.1	1739384	2302204	55	366058	86	103855
11118	GCF_001812895.1	1739383	2314459	65	294310	98	76655
11119	GCF_001812925.1	1739385	2286904	54	447771	73	159088
11120	GCF_001812935.1	1739386	2544241	22	323578	27	270396
11121	GCF_001812965.1	1739387	3272120	142	94164	252	35775
11122	GCF_001812975.1	1739388	2272208	46	156306	105	94603
11123	GCF_001813005.1	1739389	1953943	51	220610	77	92312
11124	GCF_001813025.1	1739390	6842241	229	270633	316	92618
11125	GCF_001813035.1	1739391	1942366	38	209069	126	26431
11126	GCF_001813045.1	1739393	2122725	52	139751	65	99167
11127	GCF_001813085.1	1739395	2064328	27	437612	57	113799
11128	GCF_001813105.1	1739397	2132498	27	271236	85	67289
11129	GCF_001813115.1	1739396	2176154	58	96362	113	57511
11130	GCF_001813145.1	1739398	2269254	31	296425	77	80971
11131	GCF_001813165.1	1739399	2484319	23	690343	30	246665
11132	GCF_001813175.1	1739400	2642255	90	128620	116	76925
11133	GCF_001813195.1	1739401	2518245	67	128417	106	91168
11134	GCF_001813205.1	1739402	1592142	18	999220	33	146758
11135	GCF_001813245.1	1739404	2396014	72	81758	101	64008
11136	GCF_001813255.1	1739407	2502099	87	87399	132	51955
11137	GCF_001813275.1	1739405	2839393	41	302145	121	43118
11138	GCF_001813295.1	1739408	2235189	50	166048	110	54187
11139	GCF_001813325.1	1739410	6954454	145	329655	243	90322
11140	GCF_001813335.1	1739411	2419681	81	123700	201	24551
11141	GCF_001813345.1	1739409	2202659	32	217332	53	171176
11142	GCF_001813355.1	1739412	2749969	79	107598	113	56802
11143	GCF_001813405.1	1739414	2498674	69	602041	90	161030
11144	GCF_001813415.1	1739413	1962196	18	1616297	56	70733
11145	GCF_001813425.1	1739416	2672238	59	163928	74	121112
11146	GCF_001813455.1	1739417	2633927	73	561583	124	76397
11147	GCF_001813485.1	1739418	6603290	126	191715	181	89783
11148	GCF_001813495.1	1739420	2539764	50	132551	131	35747
11149	GCF_001813505.1	1739421	2214986	30	1287439	92	46708
11150	GCF_001813525.1	1739422	2189987	51	204204	125	44452
11151	GCF_001813565.1	1739423	2296639	35	268238	71	89826
11152	GCF_001813575.1	1739425	2952697	248	30761	311	23002
11153	GCF_001813585.1	1739426	2490704	72	86956	99	68875
11154	GCF_001813595.1	1739427	2033982	96	42159	99	42159
11155	GCF_001813645.1	1739428	7052643	323	135746	447	88915
11156	GCF_001813655.1	1739429	2483074	14	709075	23	249808
11157	GCF_001813675.1	1739430	2163570	31	261634	82	56570
11158	GCF_001813685.1	1739431	2237336	26	257545	63	122101
11159	GCF_001813725.1	1739432	2269450	36	219376	76	85860
11160	GCF_001813735.1	1739434	2231077	73	258842	115	50181
11161	GCF_001813745.1	1739435	2127181	56	153358	134	37389
11162	GCF_001813755.1	1739436	2810041	76	149771	100	101139
11163	GCF_001813805.1	1739437	1926242	58	129799	76	70037
11164	GCF_001813815.1	1739439	2638185	78	243187	141	57527
11165	GCF_001813825.1	1739438	2870763	97	86059	167	34305
11166	GCF_001813835.1	1739442	2417060	81	83846	92	74957
11167	GCF_001813885.1	85698	6433428	80	404527	226	54391
11168	GCF_001813895.1	1739446	2353068	37	384217	66	103608
11169	GCF_001813905.1	1739444	2596514	43	230588	84	68777
11170	GCF_001813925.1	1739447	2566381	45	189627	56	108621
11171	GCF_001813965.1	1739448	2245099	25	393203	81	59687
11172	GCF_001813975.1	1739449	2378691	70	79503	87	67149
11173	GCF_001813985.1	1739450	2085934	23	327348	53	108118
11174	GCF_001813995.1	1739451	6329540	82	324335	140	131771
11175	GCF_001814045.1	1739453	1953243	38	145148	79	47521
11176	GCF_001814055.1	1739452	2007726	39	181806	50	98282
11177	GCF_001814065.1	1739454	1955429	32	184493	44	90530
11178	GCF_001814095.1	1739456	2209874	55	365713	78	150849
11179	GCF_001814125.1	1739457	2231619	44	358435	65	184545
11180	GCF_001814135.1	1739458	2405602	122	68009	175	31577
11181	GCF_001814145.1	1739459	3903571	162	73882	394	19835
11182	GCF_001814155.1	1739460	2477822	112	96203	126	71363
11183	GCF_001814205.1	1739462	2491181	46	277404	72	156199
11184	GCF_001814215.1	1739461	1753374	18	233500	38	115626
11185	GCF_001814225.1	1739463	1986236	168	29981	237	18299
11186	GCF_001814235.1	1739464	2417058	46	146403	54	118599
11187	GCF_001814285.1	1739465	2876793	90	114197	128	52237
11188	GCF_001814295.1	1739467	1804950	45	142348	59	128563
11189	GCF_001814315.1	1739468	2939214	256	31340	294	25965
11190	GCF_001814335.1	1739469	3040048	172	66712	245	30445
11191	GCF_001814365.1	1739470	2484096	98	83839	113	68540
11192	GCF_001814385.1	1739472	2051310	55	101619	72	67599
11193	GCF_001814395.1	1739471	2731072	78	128680	92	96299
11194	GCF_001814405.1	1739473	3103078	102	107683	192	32748
11195	GCF_001814445.1	1739476	2249644	138	360737	183	113528
11196	GCF_001814455.1	1739474	2021947	73	100487	82	72682
11197	GCF_001814465.1	1739477	2872380	255	30618	279	28242
11198	GCF_001814485.1	1739475	2298993	23	290914	64	77840
11199	GCF_001814525.1	1739478	2669014	72	138387	97	76211
11200	GCF_001814535.1	1739479	2628118	115	151433	151	109233
11201	GCF_001814565.1	1739481	2527049	44	162651	90	52854
11202	GCF_001814575.1	1739480	2665715	63	102443	98	65021
11203	GCF_001814605.1	1739482	2693142	75	165800	92	89590
11204	GCF_001814615.1	1739483	2124975	46	235662	87	79031
11205	GCF_001814645.1	1739484	2321240	26	380628	78	71050
11206	GCF_001814655.1	1739485	2416608	35	214822	62	106960
11207	GCF_001814685.1	1739487	3134095	125	72181	216	44323
11208	GCF_001814695.1	1739488	1887134	65	117968	94	74763
11209	GCF_001814725.1	1739486	2484177	9	709195	17	258699
11210	GCF_001814745.1	1739490	6352730	103	389449	218	83819
11211	GCF_001814765.1	1739492	2727086	50	170061	83	65214
11212	GCF_001814775.1	1739491	2052401	56	164140	103	52444
11213	GCF_001814805.1	1739493	2406825	118	68174	186	34201
11214	GCF_001814825.1	1739494	2625963	94	155618	138	58713
11215	GCF_001814835.1	1739495	2130639	59	218491	108	108014
11216	GCF_001814855.1	1739496	3280762	199	87420	320	53375
11217	GCF_001814885.1	1739497	2793519	67	165910	116	65195
11218	GCF_001814895.1	1739498	2353582	55	107844	70	80542
11219	GCF_001814915.1	1739499	2539665	13	738642	18	337458
11220	GCF_001814945.1	1739500	2631066	54	204762	66	117878
11221	GCF_001814965.1	1739501	2724640	114	85038	136	85038
11222	GCF_001814975.1	1739502	2766610	76	134646	103	80959
11223	GCF_001814995.1	1739503	2331455	22	366173	59	129925
11224	GCF_001815025.1	1739504	4192671	137	106385	165	82751
11225	GCF_001815045.1	1739505	2170715	29	262054	89	47970
11226	GCF_001815065.1	1739507	2862340	238	31395	288	25660
11227	GCF_001815075.1	1739506	2441132	106	62156	136	48623
11228	GCF_001815105.1	1739508	2687226	60	132441	89	73308
11229	GCF_001815115.1	1739509	2736337	94	78424	118	69222
11230	GCF_001815145.1	1739510	2635874	95	168194	105	92235
11231	GCF_001815155.1	1739511	2331353	23	441613	71	91541
11232	GCF_001815175.1	1739512	2747230	76	155216	110	62730
11233	GCF_001815195.1	1739513	2987655	249	36522	299	29646
11234	GCF_001815225.1	1739515	2550022	25	769582	31	246565
11235	GCF_001815235.1	1739516	6949719	121	320374	196	102767
11236	GCF_001815255.1	1739517	6622929	116	138510	204	82558
11237	GCF_001815285.1	1739518	2478701	35	519131	62	83304
11238	GCF_001815305.1	1739519	1952836	36	155117	41	104519
11239	GCF_001815315.1	1739520	3101169	135	68567	222	44291
11240	GCF_001815345.1	1739521	2538438	87	93320	112	58811
11241	GCF_001815355.1	1739522	1904337	25	364467	36	109615
11242	GCF_001815375.1	1739524	2314384	48	288445	102	65430
11243	GCF_001815405.1	1739525	1896022	37	160944	67	84582
11244	GCF_001815425.1	85698	6481690	92	314966	256	50694
11245	GCF_001815435.1	1739528	2955618	58	131626	138	49038
11246	GCF_001815465.1	1739529	2266258	85	70268	182	28289
11247	GCF_001815475.1	1739530	2810525	75	109553	115	73774
11248	GCF_001815505.1	1739533	2699200	75	113025	111	86045
11249	GCF_001815515.1	1739531	1703261	120	81922	184	35982
11250	GCF_001815545.1	1739535	2199832	39	309983	112	44634
11251	GCF_001815555.1	1739536	2804791	82	138735	146	72451
11252	GCF_001815585.1	1739537	1881178	57	142578	99	87067
11253	GCF_001815595.1	1739538	2226516	75	108893	90	65932
11254	GCF_001815615.1	1739539	2227657	62	167421	103	46750
11255	GCF_001815635.1	1739540	2461261	93	96206	117	66454
11256	GCF_001815665.1	1739541	2808272	79	104488	121	64023
11257	GCF_001815675.1	1739542	2741289	116	73720	302	18890
11258	GCF_001815685.1	1739544	2247105	103	76623	153	42958
11259	GCF_001815715.1	1739543	2401628	119	82325	178	45510
11260	GCF_001815745.1	1739545	2450517	40	191126	47	139004
11261	GCF_001815755.1	1739547	2282454	52	199183	95	48292
11262	GCF_001815785.1	1739548	2758830	99	102035	134	74152
11263	GCF_001815805.1	1739549	1984663	68	259029	154	31306
11264	GCF_001815825.1	1739550	2429465	51	220525	70	107935
11265	GCF_001815835.1	1795299	2738187	85	108968	117	72500
11266	GCF_001815865.1	1581061	2020784	31	215753	70	111809
11267	GCF_001815885.1	85698	6844028	1012	12588	1127	10524
11268	GCF_001815905.1	1581130	2465058	63	115927	80	83557
11269	GCF_001815925.1	1581148	4538577	100	125680	124	89402
11270	GCF_001815935.1	1581050	2380598	73	72860	81	72248
11271	GCF_001815965.1	1581056	2305457	65	100392	80	63693
11272	GCF_001815985.1	1581065	2193273	58	109985	73	98466
11273	GCF_001815995.1	1581054	3527696	598	10277	645	9852
11274	GCF_001816025.1	1581059	4830264	63	210912	121	82026
11275	GCF_001816045.1	1581067	2323498	454	8722	485	8067
11276	GCF_001816065.1	1581063	2957890	98	108573	141	49186
11277	GCF_001816085.1	1581073	2380458	679	5395	702	5322
11286	GCF_001816285.1	562	4975133	137	125611	178	106301
11287	GCF_001816295.1	562	4961064	131	125549	377	56478
11288	GCF_001816315.1	562	4969453	133	125519	165	106301
11431	GCF_001831515.1	1715030	2549445	40	216948	96	109583
11632	GCF_001835805.1	1715135	2519128	101	178372	168	38855
11633	GCF_001835815.1	1715131	2431509	75	82270	91	72044
11634	GCF_001835825.1	1715089	1869479	83	90545	112	58669
11635	GCF_001835835.1	1715122	2107560	87	97101	102	75530
11636	GCF_001835885.1	1715070	2808811	326	26224	371	21903
11637	GCF_001835895.1	1715108	2203205	57	90027	71	67376
11638	GCF_001835905.1	1715169	2423872	63	165653	93	71675
11639	GCF_001835915.1	1715053	1978304	65	107473	77	93621
11640	GCF_001835965.1	1715209	2102096	87	87829	103	69278
11641	GCF_001835975.1	1715065	2626161	36	560550	56	116604
11642	GCF_001835985.1	1715144	2696733	244	29620	284	23812
11643	GCF_001836025.1	1715184	2087212	60	91158	106	43905
11644	GCF_001836045.1	1715072	2826052	284	34025	315	26060
11645	GCF_001836065.1	1715114	2767129	91	111468	114	86887
11646	GCF_001836075.1	1715126	2201465	88	140665	146	42796
11647	GCF_001836085.1	1715068	2794200	60	160736	98	94493
11648	GCF_001836125.1	1715129	2202149	46	296631	60	166719
11649	GCF_001836145.1	1715155	2431851	68	96163	90	71888
11650	GCF_001836155.1	1715097	2852118	94	132249	134	66538
11651	GCF_001836165.1	1715013	2639433	61	129580	72	101627
11652	GCF_001836185.1	1715171	2652130	62	245235	72	145412
11653	GCF_001836225.1	1715059	2536023	23	549096	75	66068
11654	GCF_001836235.1	1715069	5615118	90	231903	190	79415
11655	GCF_001836265.1	1715215	2468155	77	153887	106	64274
11656	GCF_001836275.1	1715110	2054233	40	115228	58	81900
11657	GCF_001836305.1	1715103	2556374	49	121223	96	58197
11658	GCF_001836315.1	1715047	2239820	37	361234	81	103485
11659	GCF_001836325.1	1715132	2038364	92	42159	93	42159
11660	GCF_001836345.1	1715058	2061000	27	207393	42	118491
11661	GCF_001836385.1	1715111	2722222	67	104741	107	58382
11662	GCF_001836395.1	1715043	2513240	102	82650	129	70538
11663	GCF_001836405.1	1715060	6685403	156	181007	282	63147
11664	GCF_001836415.1	1715138	6441787	119	208297	190	99322
11665	GCF_001836465.1	1715150	2778448	73	114961	158	35778
11666	GCF_001836475.1	1715054	2538181	42	187871	100	51211
11667	GCF_001836495.1	1715026	2598164	92	80297	113	61462
11668	GCF_001836505.1	1715166	6269310	93	284033	147	121417
11669	GCF_001836545.1	1715158	2529799	36	187699	94	61953
11670	GCF_001836555.1	1715095	2972386	302	28663	341	26355
11671	GCF_001836575.1	1715071	2972826	306	28515	351	24442
11672	GCF_001836595.1	1715049	2783699	69	112289	115	78277
11673	GCF_001836625.1	1715015	6642611	163	270483	222	106209
11674	GCF_001836645.1	1715014	6643021	147	320704	216	106607
11675	GCF_001836655.1	1715198	6250062	109	259786	208	92014
11676	GCF_001836665.1	1715062	6269840	85	293110	176	91392
11677	GCF_001836705.1	1715140	2267122	77	100830	94	74732
11678	GCF_001836725.1	1715056	2554058	56	168103	111	46960
11679	GCF_001836735.1	1715161	2336535	13	1675525	60	104363
11680	GCF_001836755.1	1715106	2429521	137	73470	159	42377
11681	GCF_001836785.1	1715208	2367409	95	74927	111	59786
11682	GCF_001836795.1	1715154	2240849	54	305004	88	87947
11683	GCF_001836805.1	1715194	2350837	50	116082	61	84442
11684	GCF_001836835.1	1715061	2558812	41	162736	95	57423
11685	GCF_001836865.1	1715178	2413401	80	78136	96	73537
11686	GCF_001836885.1	1715064	2573825	49	194206	99	57439
11687	GCF_001836895.1	1715023	2568542	39	142107	87	60219
11688	GCF_001836905.1	1715153	2271942	42	331109	72	75670
11689	GCF_001836945.1	1715137	2760660	71	133236	104	82686
11690	GCF_001836955.1	1715076	2600945	36	181034	92	52932
11691	GCF_001836965.1	1715107	2017442	60	221523	103	74237
11692	GCF_001836975.1	1715024	2395397	91	83366	120	63805
11693	GCF_001837025.1	1715009	2550469	30	229436	70	56553
11694	GCF_001837035.1	1715128	2418331	71	78937	92	70827
11695	GCF_001837045.1	1715018	2574116	48	145860	90	59572
11696	GCF_001837075.1	1715055	2419291	70	99030	90	78937
11697	GCF_001837105.1	1715188	2534982	73	106156	111	55970
11698	GCF_001837115.1	1715212	2799054	86	120288	133	48673
11699	GCF_001837145.1	1715133	2539396	52	105992	112	44283
11700	GCF_001837155.1	1715035	2577556	51	117117	97	56524
11701	GCF_001837185.1	1715087	2259121	71	109799	111	45130
11702	GCF_001837205.1	1715176	2111233	71	131705	120	63189
11703	GCF_001837215.1	1715143	2376055	74	117994	106	84114
11704	GCF_001837245.1	1715037	2254869	63	331108	145	33730
11705	GCF_001837265.1	1715191	2267615	12	1365354	64	169082
11706	GCF_001837275.1	1715115	2127117	39	119465	54	100449
11707	GCF_001837295.1	1715084	2352774	42	714491	95	92136
11708	GCF_001837325.1	1715116	2284714	52	141489	111	69573
11709	GCF_001837335.1	1715134	1958325	59	478052	105	73407
11710	GCF_001837365.1	1715148	2217149	53	361023	108	112767
11711	GCF_001837375.1	1715031	2147245	28	563548	59	77367
11712	GCF_001837405.1	1715185	2469110	42	695524	59	205705
11713	GCF_001837415.1	1715028	2585465	114	83012	149	42538
11714	GCF_001837445.1	1715044	2390838	95	157867	135	54236
11715	GCF_001837455.1	1715051	2179910	90	54924	128	43877
11716	GCF_001837485.1	1715067	2430309	81	105098	111	51353
11717	GCF_001837495.1	1715214	2441784	110	63443	119	52543
11718	GCF_001837525.1	1715063	2624238	36	282406	100	57588
11719	GCF_001837535.1	1715046	2449144	75	81757	96	62863
11720	GCF_001837545.1	1715094	6381732	84	265342	168	110460
11721	GCF_001837575.1	1715168	2532494	35	182457	100	43445
11722	GCF_001837605.1	1715147	2933080	303	27791	353	23773
11723	GCF_001837615.1	1715096	2411300	79	156118	118	75187
11724	GCF_001837635.1	1715085	2171707	45	180971	63	87888
11725	GCF_001837655.1	1715123	1807370	60	121210	82	59958
11726	GCF_001837685.1	1715090	6305897	92	365205	265	53204
11727	GCF_001837695.1	1715127	2887865	284	28701	331	22977
11728	GCF_001837705.1	1715136	2489149	43	140767	54	84158
11729	GCF_001837725.1	1715210	2818292	109	75841	146	45081
11730	GCF_001837765.1	1715119	2072530	43	115227	62	74679
11731	GCF_001837775.1	1715187	2473368	19	381419	33	151393
11732	GCF_001837805.1	1715011	2473245	91	74867	114	54655
11733	GCF_001837825.1	1715029	2403589	91	83841	124	65675
11734	GCF_001837845.1	1715033	2933660	273	26013	323	19421
11735	GCF_001837855.1	1715124	1991093	34	187176	44	87441
11736	GCF_001837885.1	1715005	2462771	75	166798	97	90660
11737	GCF_001837905.1	1715183	2216453	48	280118	104	45371
11738	GCF_001837915.1	1715025	2442519	84	87443	131	50160
11739	GCF_001837945.1	1715142	2511125	92	108479	128	82421
11740	GCF_001837955.1	1715074	2448859	100	72182	135	48693
11741	GCF_001837975.1	1715162	2491822	91	87543	129	57379
11742	GCF_001837995.1	1715206	2701485	197	84699	467	25909
11743	GCF_001838025.1	1715066	2431366	285	83366	317	60410
11744	GCF_001838035.1	1715010	2381264	74	77013	86	66510
11745	GCF_001838065.1	1715075	2242214	47	298985	85	96935
11746	GCF_001838075.1	1715200	2737612	113	116011	145	77323
11747	GCF_001838105.1	1715186	2140125	44	142318	53	104845
11748	GCF_001838125.1	1715102	2095405	35	126758	48	99410
11749	GCF_001838135.1	1715040	2238578	39	369114	73	96077
11750	GCF_001838165.1	1739406	2381429	61	111645	96	69465
11751	GCF_001838175.1	1739295	2393833	66	135404	96	82302
11752	GCF_001838205.1	1739489	2484283	64	122139	81	62913
11753	GCF_001838215.1	1739291	2482958	47	149302	65	114056
11754	GCF_001838245.1	1739403	2462597	39	139000	50	113081
11755	GCF_001838255.1	1739353	2482041	57	111879	63	88469
11756	GCF_001838285.1	1739351	2540944	73	128720	84	77216
11757	GCF_001838295.1	1739514	2442160	15	1462735	120	30866
11758	GCF_001838325.1	1739534	2409687	25	266647	39	120076
11759	GCF_001838335.1	1739424	2420124	30	259628	37	135049
11760	GCF_001838365.1	1739440	2485776	141	41276	228	21488
11761	GCF_001838375.1	1739527	2437021	149	43047	261	20005
11762	GCF_001838405.1	1739546	2358189	117	39322	203	23012
11763	GCF_001838415.1	1739257	2363966	114	46949	190	22147
11764	GCF_001838445.1	1739455	2744177	145	65020	178	52185
11765	GCF_001838465.1	1739441	2708861	195	79211	237	53091
11766	GCF_001838475.1	1739445	2470159	98	85440	130	48630
11767	GCF_001838485.1	1739523	2676107	81	142085	127	69774
11768	GCF_001838525.1	1739302	2675721	55	179630	83	133798
11769	GCF_001838535.1	1739287	2085882	86	124214	97	103512
11770	GCF_001838545.1	1608910	5040240	107	116387	228	43289
11771	GCF_001838575.1	1715113	1916995	23	314029	44	99663
11772	GCF_001838605.1	1608861	2921266	305	28939	354	25809
11773	GCF_001838615.1	1608882	2150396	71	265530	110	63085
11774	GCF_001838635.1	1608898	2024521	21	505310	33	122324
11775	GCF_001838645.1	1608896	2767606	111	85129	264	23166
11776	GCF_001838685.1	1608857	2379244	54	125541	77	79439
11777	GCF_001838695.1	1608908	6886425	344	48272	973	11967
11778	GCF_001838705.1	1608858	2515611	47	127369	102	45561
11779	GCF_001838745.1	1608859	2889944	90	143733	145	60973
11780	GCF_001838765.1	1608860	2504240	92	109977	129	83189
11781	GCF_001838775.1	1608862	2896766	141	104278	184	62553
11782	GCF_001838805.1	1608863	2773127	56	173791	93	84756
11783	GCF_001838815.1	1608865	2402353	90	85077	114	60404
11784	GCF_001838845.1	1608866	2736027	73	124100	117	72958
11785	GCF_001838865.1	1608867	2650101	63	103693	116	51829
11786	GCF_001838875.1	1608870	2860169	85	109927	128	63968
11787	GCF_001838895.1	1608871	2859403	86	112451	136	73119
11788	GCF_001838925.1	1608872	2722022	53	155483	89	76607
11789	GCF_001838935.1	1608873	2810816	84	104595	129	73119
11790	GCF_001838955.1	1608874	2511462	27	218017	88	58660
11791	GCF_001838975.1	1608875	2887024	108	139248	159	80113
11792	GCF_001839005.1	1608876	2715101	62	104859	95	65103
11793	GCF_001839025.1	1608877	2791495	76	112331	116	66394
11794	GCF_001839035.1	1608878	2836607	78	145286	128	54255
11795	GCF_001839065.1	1608879	2846665	82	133709	133	61034
11796	GCF_001839075.1	1608881	2874905	80	104148	113	82684
11797	GCF_001839105.1	1608883	2587345	51	552813	150	41920
11798	GCF_001839115.1	1608884	2436882	100	115984	124	89102
11799	GCF_001839145.1	1608886	2574652	37	302700	85	69548
11800	GCF_001839155.1	1608888	2903132	83	143096	133	69695
11801	GCF_001839185.1	1608889	2773465	137	61864	172	58604
11802	GCF_001839195.1	1608890	2861588	88	106074	145	47378
11803	GCF_001839225.1	1608891	2804152	79	148091	122	73022
11804	GCF_001839245.1	1608894	2527005	56	145598	153	32026
11805	GCF_001839265.1	1608895	2530773	42	188177	98	58425
11806	GCF_001839275.1	1608897	2799643	76	138843	111	84160
11807	GCF_001839285.1	1608899	2770435	63	132357	98	77920
11808	GCF_001839325.1	1608900	2716828	82	100588	115	50595
11809	GCF_001839345.1	1608901	2581772	36	202150	89	58242
11810	GCF_001839355.1	1608902	2537962	35	187971	90	50922
11811	GCF_001839365.1	1608903	2838082	91	105202	152	72896
11812	GCF_001839405.1	1608904	2875731	147	84028	188	54487
11813	GCF_001839425.1	1608905	2555327	29	226968	84	61944
11814	GCF_001839435.1	1608906	2784723	83	69671	119	54524
11815	GCF_001839445.1	1608907	2773885	51	279457	103	83682
11816	GCF_001839485.1	1608909	2842959	83	105823	130	73119
11817	GCF_001839495.1	1608911	2770322	71	190399	100	89083
11818	GCF_001839505.1	1608856	1720476	18	186851	30	121426
11819	GCF_001839535.1	1608868	1854976	49	117916	81	59658
12547	GCF_001854265.1	305	5486248	139	96523	141	96523
12698	GCF_001857645.1	1496	4075171	77	128733	123	92007
12716	GCF_001858225.1	646	4691251	52	186724	66	168611
12717	GCF_001858245.1	190895	5305289	47	314798	62	256441
13044	GCF_001865315.1	42239	7261502	9	7182059	578	19320
13063	GCF_001865795.1	1886	6952079	50	360729	54	360729
13417	GCF_001876975.1	305	5871302	224	82625	227	77819
13418	GCF_001876985.1	305	5609284	134	104334	136	104334
13902	GCF_001888145.1	648995	5983417	35	978610	289	70304
13906	GCF_001888225.1	648995	6011083	31	982548	709	16790
14012	GCF_001890765.1	129961	5050153	2	4994740	13	3043045
14233	GCF_001895325.1	1914535	5271683	607	20800	617	19902
14505	GCF_001904575.1	1770	4750273	259	38841	307	31798
14506	GCF_001904595.1	1770	4727050	240	40323	284	38204
14649	GCF_001907695.1	1544451	4979553	27	1601296	34	1600415
14945	GCF_001914255.1	1402	4275585	10	4246687	39	253807
15361	GCF_001929405.1	1892903	6079821	4	6076317	11	1773677
16316	GCF_001951035.1	1388759	4137236	66	148167	74	148167
16564	GCF_001956315.1	1843236	3722743	35	202237	48	163730
17227	GCF_001970035.1	1416672	5003372	82	217231	98	188100
17228	GCF_001970045.1	1416675	5122644	68	431060	89	283782
17229	GCF_001970075.1	1416670	5141713	137	175630	147	154798
17230	GCF_001970095.1	1416673	5191535	73	519276	86	210488
17231	GCF_001970105.1	1416671	5193220	70	434091	82	240601
18561	GCF_001999765.1	1531955	4008197	47	261266	62	199011
18955	GCF_002009685.1	1934003	2848819	2	2847549	11	1561357
19324	GCF_002019595.1	1221450	5773895	6	5649380	12	1728197
19325	GCF_002019605.1	427920	5523573	2	5508547	17	678600
19326	GCF_002019635.1	930124	5399367	4	2975153	8	2028279
19327	GCF_002019645.1	304268	5427045	2	5426306	8	2921490
19328	GCF_002019665.1	79882	4701879	2	4700324	5	1619650
19329	GCF_002019695.1	79879	5476388	7	5224402	27	372692
19330	GCF_002019705.1	228576	4646905	3	4634227	7	3075074
19331	GCF_002019735.1	76935	4319439	1	4319439	2	3703571
19332	GCF_002019755.1	779	1455381	1	1455381	8	214795
19333	GCF_002019765.1	290588	4058377	1	4058377	13	568484
19334	GCF_002019795.1	1912214	4751847	4	4546499	7	3619290
19337	GCF_002019855.1	1890	8506622	5	8480704	14	924356
22338	GCF_002093895.1	703	3866061	51	192769	53	192769
22339	GCF_002093915.1	413503	4902417	67	524453	74	506317
22340	GCF_002093925.1	28141	4369037	26	615211	37	319504
22341	GCF_002093935.1	37332	7891966	347	46867	351	46867
22342	GCF_002093975.1	1088767	8220793	113	204211	139	168627
24989	GCF_002153395.1	1423	4134805	98	137419	122	127604
24990	GCF_002153425.1	304268	4883116	7	4873469	37	269623
24991	GCF_002153445.1	1938560	5085045	1	5085045	9	3639456
25197	GCF_002158275.1	1352	2914982	327	19907	331	19376
25198	GCF_002158285.1	1352	2929754	326	22515	330	22472
25199	GCF_002158295.1	1352	2921052	384	17922	386	17922
25200	GCF_002158325.1	1352	2941040	279	28360	290	28200
25201	GCF_002158355.1	1352	2959310	339	21545	340	21101
25202	GCF_002158365.1	1352	2961832	282	24273	285	23627
25203	GCF_002158375.1	1352	2961829	318	19880	325	17500
25204	GCF_002158385.1	1352	2979448	421	21278	431	20595
25205	GCF_002158435.1	1352	2965830	328	21634	335	20818
25206	GCF_002158445.1	1352	2953413	363	17766	369	17638
25491	GCF_002165455.1	492670	4014477	4	3970137	6	1241451
26274	GCF_002188335.1	1982762	8406443	6	8122180	75	275233
26275	GCF_002188345.1	1982764	8351125	2	8333859	48	318741
26276	GCF_002188355.1	1982763	7059316	5	6794013	50	548106
26277	GCF_002188365.1	1982761	8728089	3	8695358	28	823625
26335	GCF_002189655.1	779	1455375	1	1455375	8	214791
26635	GCF_002196035.1	1416676	5194267	113	204737	158	102960
27093	GCF_002206085.1	1297564	2249706	147	28023	149	28023
27094	GCF_002206105.1	1297566	2298088	156	32898	158	32898
27179	GCF_002207945.1	1318632	1675792	17	444189	28	164000
27180	GCF_002207965.1	1318631	1753252	12	395435	28	147528
27184	GCF_002208045.1	1297567	2264936	146	27235	148	24991
27436	GCF_002213485.1	2099	909064	57	40791	237	7512
27587	GCF_002217715.1	2015315	7603850	3	7594170	4	4233237
27605	GCF_002218325.1	1958813	5873661	51	309359	52	309359
27753	GCF_002222515.1	549	4794872	34	582415	46	473475
28277	GCF_002233755.1	2006115	3576146	60	218610	75	181867
28434	GCF_002238255.1	1615674	6154377	119	118836	123	118836
28615	GCF_002243735.1	562	5074307	18	717901	41	288538
28616	GCF_002243745.1	562	4756573	6	1258803	26	266740
28617	GCF_002243755.1	562	4845617	9	4440952	33	343416
28618	GCF_002243765.1	562	5114843	7	2852595	29	334505
28619	GCF_002243815.1	562	4835771	11	2726173	37	301823
28620	GCF_002243825.1	562	4722502	4	4413271	30	279826
28621	GCF_002243835.1	562	5042485	15	606002	55	348238
28622	GCF_002243845.1	562	4825254	7	3454374	36	310047
28623	GCF_002243895.1	562	5056291	18	610273	70	181852
28624	GCF_002243905.1	562	4718448	5	3495479	19	508513
28625	GCF_002243915.1	562	5048320	14	1352476	50	230510
28626	GCF_002243925.1	562	5094325	13	2953770	44	289835
28627	GCF_002243975.1	562	4878129	19	464867	33	250737
28628	GCF_002243985.1	562	5002240	8	2962218	29	321998
28629	GCF_002244015.1	562	5276944	11	1804953	58	217583
28630	GCF_002244035.1	562	4905233	4	4364652	19	430492
28631	GCF_002244045.1	562	4947075	13	1026217	35	306637
28632	GCF_002244065.1	562	5266342	29	1272118	42	316937
28633	GCF_002244095.1	562	5233976	10	1621063	53	260793
28634	GCF_002244115.1	562	5257278	19	2660955	38	238265
28635	GCF_002244125.1	562	5197573	8	2625615	23	506272
28636	GCF_002244155.1	562	5172272	13	2901097	46	360897
28637	GCF_002244165.1	562	5184876	6	1496014	36	583274
28638	GCF_002244195.1	562	5142782	8	2862066	34	276806
28639	GCF_002244205.1	562	5146574	9	1278630	24	436666
28640	GCF_002244235.1	562	5151454	17	1220903	37	426101
28641	GCF_002244245.1	562	5167322	8	1744430	20	490681
28642	GCF_002244275.1	562	5038062	8	2547156	23	338014
28643	GCF_002244295.1	562	5122218	14	2934111	32	339629
28644	GCF_002244315.1	562	5042161	3	2781995	21	424020
28645	GCF_002244335.1	562	4978012	5	1590523	13	660874
28646	GCF_002244355.1	562	4959602	3	3155192	22	402204
28647	GCF_002244375.1	562	5265051	22	1232960	62	268212
28648	GCF_002244385.1	562	5286752	19	740345	48	333974
28649	GCF_002244415.1	562	5283354	36	3280719	78	333707
28650	GCF_002244425.1	562	5162695	8	868112	35	228993
28651	GCF_002244455.1	562	5044197	5	1596797	24	335436
28652	GCF_002244465.1	562	5094986	26	533971	68	229735
28653	GCF_002244475.1	562	4901128	13	912561	27	381978
28654	GCF_002244515.1	562	5258322	9	3769692	28	304785
28655	GCF_002244535.1	562	5241669	10	3455132	46	273313
28656	GCF_002244545.1	562	5251369	13	1090289	39	247763
28657	GCF_002244575.1	562	4852952	7	1894788	23	346929
28658	GCF_002244595.1	562	4841844	11	720514	30	346523
28659	GCF_002244605.1	562	4843880	12	720803	24	378238
28660	GCF_002244615.1	562	5291279	12	1084751	67	174596
28661	GCF_002244655.1	562	4830212	12	720182	29	299943
28662	GCF_002244665.1	562	5100399	10	940986	30	279263
28663	GCF_002244695.1	562	4846718	5	4582771	24	347503
28664	GCF_002244705.1	562	5076312	14	795870	26	341735
28665	GCF_002244735.1	562	5032402	106	121248	107	117591
28666	GCF_002244745.1	562	5282130	7	3164251	33	271709
28667	GCF_002244775.1	562	5101425	15	609497	49	328351
28668	GCF_002244785.1	562	5303340	12	2691135	33	333936
28669	GCF_002244815.1	562	5053562	4	2910138	29	276450
28670	GCF_002244835.1	562	4724832	6	1571925	23	444484
28671	GCF_002244845.1	562	5256040	26	1034001	64	275036
28672	GCF_002244875.1	562	4967433	14	619217	30	224161
28673	GCF_002244885.1	562	4944088	13	1777559	39	461769
28674	GCF_002244915.1	562	4940879	9	2567616	39	302007
28675	GCF_002244925.1	562	5156769	7	1612591	24	340392
28676	GCF_002244945.1	562	5132020	16	794594	27	457361
28677	GCF_002244965.1	562	5295783	18	661254	64	214202
28678	GCF_002244995.1	562	5207776	23	966615	59	333671
28679	GCF_002245005.1	562	4939454	16	724310	33	340805
28680	GCF_002245015.1	562	5115398	16	1164367	32	409196
28681	GCF_002245055.1	562	5431396	13	1175469	35	353441
28682	GCF_002245075.1	562	5173663	24	540978	71	180810
28683	GCF_002245085.1	562	4632099	4	4011893	18	511221
28684	GCF_002245095.1	562	5286693	20	632661	68	181189
28685	GCF_002245165.1	562	5294737	11	2651007	41	235566
28686	GCF_002245175.1	562	5169399	11	2794979	31	306085
28895	GCF_002249865.1	1781	6254535	127	177956	174	115466
31175	GCF_002352765.1	2011011	4517958	3	4459871	5	2728186
32584	GCF_002469505.1	587753	6898123	4	4919341	15	694563
33327	GCF_002514735.1	319238	4566018	10	1089853	12	577304
36313	GCF_002610865.1	573	5546067	65	230153	88	206009
36314	GCF_002610925.1	573	5535729	67	230429	93	203655
36315	GCF_002610935.1	573	5529704	68	230429	94	202068
36316	GCF_002610945.1	573	5722543	96	210238	101	210238
36459	GCF_002705665.1	1100824	9563454	106	261762	110	247990
36460	GCF_002705685.1	1100828	8099030	64	228883	75	217931
36461	GCF_002705695.1	1115570	7407922	53	285389	54	285389
36462	GCF_002705725.1	1115568	7969495	100	178446	104	178446
36473	GCF_002705975.1	1100822	8386301	60	260333	70	232034
36489	GCF_002711365.1	1157630	7866187	23	677279	24	677279
36506	GCF_002723615.1	1125964	3800995	67	151488	92	134038
36856	GCF_002742585.1	1353535	5688956	43	886189	47	886189
36890	GCF_002744715.1	2033727	4034607	32	517969	39	354806
36891	GCF_002744735.1	432303	4458884	28	1376314	37	847285
36892	GCF_002744755.1	1655491	4370038	50	423190	60	262916
36894	GCF_002747285.1	492670	3992914	2	3991365	12	590858
36973	GCF_002751175.1	573	5551194	65	230161	87	196447
36974	GCF_002751185.1	573	5530932	71	230429	105	162477
36975	GCF_002751195.1	573	5549092	69	214001	93	145936
36976	GCF_002751235.1	573	5539454	67	210897	96	129397
36977	GCF_002751245.1	518	5227762	186	75738	245	66380
36978	GCF_002751295.1	573	5548905	64	225669	96	152220
36979	GCF_002751315.1	573	5788064	89	214191	128	166004
36980	GCF_002751325.1	573	5715001	98	243747	100	210222
36981	GCF_002751355.1	573	5553954	69	223166	72	215657
36982	GCF_002751375.1	573	5530808	66	209876	101	164987
36983	GCF_002751385.1	573	5551763	72	214176	98	176139
36984	GCF_002751415.1	573	5476932	67	222787	71	222787
36985	GCF_002751425.1	573	5552455	69	222746	70	222746
36986	GCF_002751435.1	573	5502870	72	210208	73	210208
36987	GCF_002751475.1	573	5378021	53	274811	67	246906
36988	GCF_002751485.1	573	5550911	68	221457	70	221457
36989	GCF_002751515.1	573	5417204	54	274467	72	234626
36990	GCF_002751525.1	573	5393546	53	251956	66	247150
36991	GCF_002751555.1	573	5417234	53	251901	64	234634
36992	GCF_002751565.1	573	5417729	59	252014	77	233334
36993	GCF_002751595.1	573	5387139	52	251788	82	158080
36994	GCF_002751605.1	573	5417792	55	251923	68	246906
36995	GCF_002751615.1	573	5402596	55	251898	66	234634
36996	GCF_002751645.1	573	5455585	60	252169	73	245476
36997	GCF_002751675.1	573	5361935	86	135767	88	130931
36998	GCF_002751695.1	573	5406254	54	251969	70	234626
36999	GCF_002751705.1	573	5352084	76	176763	106	126181
37000	GCF_002751715.1	573	5701782	82	221224	107	203900
37001	GCF_002751755.1	573	5712512	107	152301	111	152301
37003	GCF_002751785.1	573	5558035	161	86664	163	86664
37803	GCF_002792415.1	1594462	4848582	67	186137	73	186137
37903	GCF_002797295.1	2011009	4950172	4	4854605	7	2912605
37904	GCF_002797315.1	2014005	3989367	2	3668710	8	1435721
37905	GCF_002797325.1	2011007	3373087	3	3246732	5	2676466
37906	GCF_002797355.1	2014075	3264462	3	2314231	8	1655688
37907	GCF_002797375.1	2014077	3708137	2	3571554	52	127340
37908	GCF_002797395.1	2014074	4678137	5	4615636	39	422280
37909	GCF_002797415.1	2011008	3897731	3	3834439	7	2280791
38692	GCF_002817545.1	747	2361492	24	348796	31	348796
38953	GCF_002837115.1	1435975	3254457	34	239480	43	239480
38957	GCF_002837185.1	294	5939655	74	174255	83	126450
38958	GCF_002837195.1	2025587	4483417	26	455206	35	296049
39338	GCF_002850715.1	1981983	5475127	67	354436	71	354436
39339	GCF_002850745.1	1581193	8289263	59	400346	126	145997
40624	GCF_002884435.1	386490	3620777	2	3619655	5	2337709
40625	GCF_002884445.1	474957	6305522	4	6296508	17	980886
40626	GCF_002884495.1	101070	3851193	1	3851193	2	2596771
40702	GCF_002886185.1	885475	5511086	11	3626337	44	662220
40706	GCF_002886255.1	930129	4703180	2	4342811	3	3344604
40949	GCF_002893085.1	59733	4458321	93	106833	110	106833
40950	GCF_002893095.1	2066958	4428876	36	337032	41	317480
41051	GCF_002895835.1	1316915	1614373	10	351383	26	151384
41052	GCF_002895865.1	1316916	1609268	11	351266	22	184967
41053	GCF_002895875.1	1321759	1680820	11	419730	22	190230
41089	GCF_002897135.1	1861711	6994461	68	329570	150	95699
41567	GCF_002911015.1	2058924	9587301	277	75083	279	75083
41589	GCF_002911475.1	2080222	2366722	82	62571	85	62571
42447	GCF_002934045.1	2077090	3611929	50	238350	52	187731
42716	GCF_002940705.1	1777322	8996216	79	316999	131	288248
43319	GCF_002954775.1	2058923	10196536	100	175548	104	175548
43578	GCF_002964605.1	2078660	5859119	58	364224	63	364224
43588	GCF_002964845.1	2078690	2261036	66	51325	97	43481
43837	GCF_002970955.1	2067812	3332461	45	163061	46	155875
43838	GCF_002970975.1	2067568	3331659	20	276772	23	221756
44838	GCF_002993805.1	562	4929167	69	243538	71	243538
44884	GCF_002995495.1	2079200	8253623	25	749123	26	749123
45814	GCF_003024195.1	2109333	10239468	44	463380	57	288186
45815	GCF_003024215.1	2109332	7775341	2	7754255	80	224771
45816	GCF_003024235.1	2058085	2954299	42	171454	53	169639
46089	GCF_003029735.1	2126353	4310771	11	1599214	14	854387
47176	GCF_003055665.1	1280	2724849	197	29122	220	27652
47177	GCF_003055675.1	1280	2801543	38	189748	48	139139
47178	GCF_003055705.1	1280	2727397	300	17409	320	16410
47179	GCF_003055715.1	1280	2802599	30	281364	43	124403
47180	GCF_003055745.1	1280	2831455	99	107026	112	107026
47181	GCF_003055765.1	1280	2684131	325	17720	354	17720
47182	GCF_003055775.1	1280	2833512	83	144779	101	144779
47183	GCF_003055785.1	1280	2769459	252	27771	267	25934
47184	GCF_003055825.1	1280	2716061	139	41518	163	38526
47186	GCF_003055865.1	1280	2722013	47	139749	67	112244
47187	GCF_003055875.1	1280	2768557	60	107121	77	73316
47188	GCF_003055885.1	1280	2763323	146	44987	166	42615
47269	GCF_003058025.1	492670	4178597	5	4173960	10	2744424
47357	GCF_003060705.1	1580	2649463	10	2331362	92	83631
47503	GCF_003064105.1	453603	5523779	443	41610	444	41610
47504	GCF_003064125.1	86040	5235373	178	81416	179	81416
47505	GCF_003064145.1	129394	4690108	281	61060	283	61060
48513	GCF_003116675.1	2162710	8298873	8	7527415	53	323608
48514	GCF_003116685.1	2162707	8460409	5	7805634	67	314402
48515	GCF_003116715.1	2162709	7213245	9	1199078	19	595322
48516	GCF_003116725.1	2162708	7190709	2	6921137	34	377645
48517	GCF_003116755.1	2162711	8010476	4	7968990	26	805396
48518	GCF_003116775.1	2162715	7877244	2	7866616	39	444639
48519	GCF_003116795.1	2162712	6664327	4	4214913	22	532902
49170	GCF_003150695.1	396	7030230	19	3619110	53	353323
49509	GCF_003184905.1	2185143	3966524	58	152737	71	152737
50250	GCF_003205515.1	2200892	3421533	28	443118	29	274261
50355	GCF_003208015.1	2067814	3046821	15	390296	16	390296
51095	GCF_003255745.1	405559	3749899	173	94042	226	85583
51507	GCF_003265645.1	1423	4161805	10	4018162	13	2129105
51508	GCF_003265665.1	943816	7185643	38	490407	190	73103
51509	GCF_003265685.1	1861917	6872821	310	64283	419	57613
52307	GCF_003301075.1	1280	2784452	36	186288	52	110871
52309	GCF_003301115.1	1280	2825910	45	170969	64	77283
52819	GCF_003313445.1	2054902	6749231	33	700215	34	700215
52820	GCF_003313465.1	2137476	3867702	40	396411	41	396411
52822	GCF_003313525.1	28141	4458952	33	292083	35	292083
52996	GCF_003319255.1	44008	2402862	15	341475	28	164328
52997	GCF_003319265.1	44008	2233286	14	219248	38	124524
52998	GCF_003319275.1	44008	2284396	8	1522421	93	43725
52999	GCF_003319285.1	44008	2304487	12	553158	41	84411
53000	GCF_003319335.1	1351	3029579	22	648515	34	313446
53001	GCF_003319345.1	44008	2209031	17	220199	37	129995
53002	GCF_003319355.1	1351	2797286	4	1759483	12	354459
53003	GCF_003319365.1	1351	2800815	14	615204	23	411155
53004	GCF_003319415.1	1351	2947051	13	1525496	17	510921
53005	GCF_003319425.1	1351	2671742	8	1768694	15	370062
53006	GCF_003319435.1	1351	2985611	20	1649331	29	300716
53007	GCF_003319475.1	1351	2759353	4	1506318	8	1506318
53008	GCF_003319495.1	1351	2847433	5	2797821	14	390044
53009	GCF_003319505.1	1351	2879159	4	1536206	9	1488653
53010	GCF_003319525.1	1351	2820627	16	659751	21	648790
53011	GCF_003319555.1	1351	3066082	8	2403193	20	332131
53012	GCF_003319575.1	1351	2751492	3	1848423	14	295676
53013	GCF_003319595.1	1351	2973501	13	2175088	20	649280
53014	GCF_003319605.1	1351	2897125	44	1829616	48	1780979
53015	GCF_003319615.1	1351	3005005	9	1507894	18	417117
53016	GCF_003319625.1	1351	2900845	4	1544367	13	679206
53017	GCF_003319675.1	1351	2866247	9	2118942	18	437416
53018	GCF_003319685.1	1351	2886417	2	2802068	11	525719
53019	GCF_003319715.1	1351	2777264	7	2689739	15	630850
53020	GCF_003319735.1	1351	2995860	7	2555958	14	686279
53021	GCF_003319755.1	1351	2932346	14	1518713	24	299179
53022	GCF_003319765.1	1351	2870163	7	1483731	15	433599
53023	GCF_003319795.1	1351	2950342	14	2151153	30	329399
53024	GCF_003319805.1	1351	2880072	19	2521913	28	321537
53025	GCF_003319815.1	1351	2707177	1	2707177	5	631319
53026	GCF_003319855.1	1351	2888964	2	2259042	9	682513
53027	GCF_003319875.1	1351	2790470	9	1485032	15	301947
53028	GCF_003319895.1	1351	2911164	9	589876	22	284674
53029	GCF_003319915.1	1351	2927525	10	1083732	20	348528
53030	GCF_003319925.1	1351	2925049	8	1520140	14	502197
53031	GCF_003319955.1	1351	2817602	4	2163657	13	595071
53032	GCF_003319975.1	1352	2865619	8	1641826	22	314912
53033	GCF_003319985.1	1352	3062085	17	523639	33	216244
53034	GCF_003319995.1	1351	2855990	7	2770569	14	757317
53035	GCF_003320055.1	1352	2984434	13	868281	34	240260
53036	GCF_003320065.1	1352	2788690	20	1449685	44	158264
53037	GCF_003320075.1	1352	2816216	15	338577	37	138286
53038	GCF_003320115.1	1352	2880397	9	2604053	43	182662
53039	GCF_003320135.1	1352	2993156	19	505889	30	279849
53040	GCF_003320155.1	1352	2728495	4	1945635	26	269334
53041	GCF_003320165.1	1352	2707592	13	490193	16	438484
53042	GCF_003320195.1	1352	2835729	6	1815054	10	360623
53043	GCF_003320215.1	1352	2656507	5	2490005	17	449585
53044	GCF_003320235.1	1352	2702335	8	645499	15	274888
53045	GCF_003320245.1	1352	2837168	9	326541	28	213805
53046	GCF_003320255.1	1352	3146990	13	435768	27	225777
53047	GCF_003320275.1	1352	2660149	6	2236432	48	139049
53048	GCF_003320315.1	1352	2869389	14	445415	26	217172
53049	GCF_003320325.1	1352	2654250	12	364844	40	123325
53050	GCF_003320355.1	1352	2659216	9	1491181	18	275262
53051	GCF_003320365.1	1352	2849093	20	375528	40	225795
53052	GCF_003320395.1	1352	2826435	12	470929	33	189495
53053	GCF_003320405.1	1352	2839346	16	515322	22	277681
53054	GCF_003320415.1	1352	2638139	14	1745378	17	1416497
53055	GCF_003320455.1	1352	2775435	2	2545749	12	399991
53056	GCF_003320475.1	1352	2715473	18	1748575	35	269934
53057	GCF_003320485.1	1352	2761782	17	2182516	26	511312
53058	GCF_003320495.1	1352	2616792	9	1725083	24	265682
53059	GCF_003320505.1	1352	2769706	17	2706046	35	351462
53060	GCF_003320555.1	1352	2897366	8	2313564	40	145880
53061	GCF_003320575.1	1352	2786599	7	2593767	19	572747
53062	GCF_003320585.1	1352	2852137	8	1817901	16	667226
53063	GCF_003320595.1	1352	2634556	11	2218548	21	806435
53064	GCF_003320635.1	1352	2658449	11	1529523	21	269541
53065	GCF_003320655.1	1352	2740793	19	1417666	32	236873
53066	GCF_003320665.1	1352	3018501	9	2441143	24	414031
53067	GCF_003320695.1	1352	2668090	7	2484509	17	274488
53068	GCF_003320715.1	1352	2783793	7	1733663	13	308411
53069	GCF_003320735.1	1352	2849599	9	335543	26	177229
53070	GCF_003320755.1	1352	2830160	5	1813589	16	320331
53071	GCF_003320775.1	1352	2976268	15	1958023	26	530801
53072	GCF_003320795.1	1352	2823882	9	619144	18	348039
53073	GCF_003320805.1	1352	2686033	14	370581	22	270324
53074	GCF_003320815.1	1352	2663210	5	1803614	8	725223
53075	GCF_003320855.1	1352	2864143	7	541361	17	305912
53076	GCF_003320875.1	1353	3614506	1	3614506	20	431566
53077	GCF_003320885.1	1354	3172884	18	455090	23	323236
53078	GCF_003320915.1	1354	3045644	15	1985192	18	629035
53079	GCF_003320945.1	1354	3131774	9	1912203	19	311649
53080	GCF_003320975.1	1354	2991752	27	324469	50	236489
53081	GCF_003320985.1	1354	3076285	20	713497	39	218073
53082	GCF_003321015.1	1354	2927472	11	628743	18	504962
53083	GCF_003321025.1	1354	3101533	14	2144671	21	720546
53084	GCF_003321035.1	1354	2849628	5	1428995	10	350727
53085	GCF_003321045.1	1354	3281107	15	470038	22	279260
53088	GCF_003321125.1	1354	3096200	24	1934324	30	497228
53229	GCF_003324015.1	1496	4229048	65	154270	68	154270
53230	GCF_003324025.1	1496	4197923	96	143261	258	36249
53231	GCF_003324035.1	1496	4228660	56	211942	58	144735
53331	GCF_003326835.1	1496	4249656	58	218971	61	163565
53332	GCF_003326845.1	1496	4210280	62	202325	63	164005
53333	GCF_003326875.1	1496	4139722	59	150859	62	150859
53334	GCF_003326885.1	1496	4259545	52	163479	53	163479
53335	GCF_003326915.1	1496	4211608	63	156137	66	156137
53336	GCF_003326935.1	1496	4099906	61	170238	62	149806
53337	GCF_003326945.1	1496	4206564	300	27448	303	27448
53338	GCF_003326965.1	1496	4126991	61	187624	63	175433
53339	GCF_003326985.1	1496	4248215	58	211954	62	157696
53340	GCF_003327015.1	1496	4225872	60	148785	62	145081
53341	GCF_003327025.1	1496	4210800	60	156285	62	144935
53342	GCF_003327055.1	1496	4304711	65	156301	66	156301
53343	GCF_003327065.1	1496	4257298	66	135488	69	135488
53344	GCF_003327105.1	1496	4223364	78	132489	81	132489
53345	GCF_003327115.1	1496	4139722	59	150859	62	150859
53346	GCF_003327145.1	1496	4320309	58	205906	59	156253
53347	GCF_003327165.1	1496	4224838	59	192762	190	64303
53348	GCF_003327185.1	1496	4229879	64	144404	70	144404
53349	GCF_003327205.1	1496	4267721	209	42736	213	41827
53350	GCF_003327215.1	1496	4279323	67	143492	68	143492
53351	GCF_003327245.1	1496	4216353	150	67095	152	67095
53352	GCF_003327265.1	1496	4197923	96	143261	258	36249
53353	GCF_003327285.1	1867410	3055675	13	704118	14	704118
53364	GCF_003327665.1	1423	4068702	7	2150442	16	681277
53401	GCF_003328455.1	1496	4242385	61	230766	63	230766
53616	GCF_003336745.1	1930763	2163786	41	193267	50	193267
53617	GCF_003336755.1	2185104	3029972	11	685266	13	685266
53618	GCF_003336765.1	1876515	3531378	19	532304	22	462813
54099	GCF_003350625.1	1352	2764654	369	16435	370	16435
54100	GCF_003350635.1	1352	3021407	428	17455	436	16561
54101	GCF_003350665.1	1352	3128644	300	21957	301	21957
54102	GCF_003350675.1	1352	2992396	268	24496	270	24256
54103	GCF_003350705.1	1352	2958828	278	23107	285	21953
54104	GCF_003350715.1	1352	2992771	288	23749	290	23749
54105	GCF_003350725.1	1352	2980643	310	29604	319	27101
54106	GCF_003350765.1	1352	2921332	288	26069	289	26069
54107	GCF_003350785.1	1352	2930750	284	24618	287	24570
54108	GCF_003350805.1	1352	2901996	276	23453	281	22866
54109	GCF_003350815.1	1352	3116024	305	30004	308	30004
54110	GCF_003350845.1	1352	2972364	314	21953	315	21932
54111	GCF_003350865.1	1352	2979338	378	16116	379	16116
54112	GCF_003350885.1	1352	3002114	343	20512	345	19306
54113	GCF_003350905.1	1352	2892881	316	21633	317	21543
54114	GCF_003350925.1	2282381	5071276	33	457201	43	263797
54122	GCF_003351165.1	396	6953162	13	4042590	116	137996
54123	GCF_003351175.1	1120045	7077758	30	1006549	66	288576
54124	GCF_003351185.1	396	6477605	12	1830082	52	204711
55509	GCF_003400085.1	386	6914698	12	3836577	47	318800
55510	GCF_003400105.1	386	7403081	36	1112681	69	356355
55511	GCF_003400125.1	386	7120740	8	4230514	42	355929
58845	GCF_003569765.1	2315841	5470035	178	83675	208	82181
58846	GCF_003569785.1	2304677	3805743	64	179460	73	147374
58847	GCF_003569805.1	246613	3545733	9	2000098	22	293855
58848	GCF_003569825.1	573	5544974	86	197218	88	197218
58849	GCF_003569845.1	573	5896306	86	198767	87	198767
58850	GCF_003569855.1	573	5614719	82	246804	84	246804
58851	GCF_003569885.1	562	4721174	80	133329	82	133329
58852	GCF_003569905.1	2293834	4112371	50	209966	55	209966
58853	GCF_003569945.1	985002	2747893	2	2648450	56	103922
59057	GCF_003574395.1	2249421	3653867	76	175031	83	156340
59058	GCF_003574425.1	2219059	2444445	150	62377	159	55256
59059	GCF_003574445.1	2259644	8039857	59	302720	80	228745
59060	GCF_003574465.1	1697972	7502080	463	33995	553	31683
59061	GCF_003574475.1	2219060	1930852	238	575471	242	299542
59062	GCF_003574485.1	2219058	2871084	378	18708	389	18708
59524	GCF_003586135.1	303	5765634	1	5765634	7	3080083
59531	GCF_003586305.1	2315424	3120411	9	1736244	10	1736244
60470	GCF_003614185.1	1820010	5611962	11	5572757	64	277378
60963	GCF_003635165.1	2116686	7788045	92	322407	110	237529
61561	GCF_003675895.1	2338552	4777983	230	62733	233	55916
61569	GCF_003676335.1	342950	4967152	310	32582	318	31328
61570	GCF_003676355.1	1267944	3963508	88	402239	104	354790
62075	GCF_003703915.1	2364881	5217351	69	260607	109	156822
62076	GCF_003703925.1	121719	5586929	10	4006938	17	557978
62077	GCF_003703975.1	1770527	6928978	82	312642	87	312642
62824	GCF_003789055.1	2480588	4353039	24	481135	25	481135
63189	GCF_003813745.1	1176433	1021297	92	25543	97	25543
63851	GCF_003844195.1	2058214	3702225	117	68863	150	64048
63853	GCF_003846155.1	1522757	8410972	14	1497230	225	77782
63854	GCF_003846165.1	1522755	8639978	8	2240869	339	53788
63855	GCF_003846175.1	1522759	10032992	22	940612	363	66096
63856	GCF_003846185.1	1522760	6989279	2	6907715	197	67230
63857	GCF_003846195.1	1522756	9312630	18	2590990	295	67629
63858	GCF_003846255.1	1522763	7723553	9	4397121	298	44943
63859	GCF_003846265.1	1522761	7085913	10	1143693	377	46611
63860	GCF_003846275.1	1522762	8346702	9	2567091	201	78044
63861	GCF_003846285.1	1522764	7243116	10	1598443	269	65000
64686	GCF_003934165.1	1851146	5448824	107	241998	120	179877
66789	GCF_003985125.1	396	6652103	80	270414	81	270414
66790	GCF_003985135.1	573179	6611877	41	379018	44	379018
66791	GCF_003985145.1	1184720	7122203	44	321130	47	258160
66792	GCF_003985155.1	634290	7115113	62	440881	65	440881
66793	GCF_003985205.1	2487400	7006523	103	171764	104	171764
67110	GCF_003994255.1	173362	3783832	30	333371	34	221564
67111	GCF_003994295.1	556288	3809665	13	659966	16	467409
67134	GCF_003994955.1	487	2201552	94	60958	120	56810
67135	GCF_003994965.1	487	2180388	88	79807	120	35345
67739	GCF_004009895.1	492670	3878921	1	3878921	2	3453468
67740	GCF_004009905.1	2495899	2215780	81	72501	84	71894
67741	GCF_004009915.1	2495900	2286460	94	49835	95	49835
67742	GCF_004009945.1	59814	5133128	8	4163064	18	2779676
67781	GCF_004010795.1	2500160	6846699	141	336706	214	194810
67817	GCF_004011805.1	1796922	7085614	130	317257	143	302702
67821	GCF_004011885.1	2500534	3263170	134	70438	142	68516
67984	GCF_004015785.1	76761	6477481	46	294157	56	294157
67985	GCF_004015795.1	1365611	2982257	7	2292967	17	536753
68077	GCF_004023585.1	632	4537723	227	46548	393	26966
68078	GCF_004023595.1	632	4629574	212	47180	440	24467
68079	GCF_004023625.1	2259034	10446772	131	275254	141	226764
68172	GCF_004028635.1	1904	9833661	33	710572	36	710572
69625	GCF_900002225.1	1358016	5053930	5	4993406	103	141553
69626	GCF_900002235.1	1358017	4977386	6	4934960	93	167982
69728	GCF_900005065.1	223789	3878044	23	612991	31	445377
69760	GCF_900007315.1	562	5201550	2	4902341	74	339945
69861	GCF_900009135.1	1729650	5987819	103	710824	151	130530
69862	GCF_900009145.1	671072	6781855	191	643580	209	610069
69872	GCF_900009275.1	59512	11394083	10	3408388	13	1024923
70029	GCF_900011755.1	1183424	5930410	5	3003068	46	206221
70093	GCF_900012565.1	1183434	4679163	2	2777033	29	422850
70094	GCF_900012575.1	1183430	5928498	4	2093658	24	437390
70095	GCF_900012585.1	1183425	6180714	4	2420166	51	299178
70096	GCF_900012595.1	1183435	5467930	4	2909345	38	293196
70097	GCF_900012605.1	1183422	5383738	3	2800023	19	423639
70098	GCF_900012615.1	1183428	5161592	2	2929893	48	234367
70099	GCF_900012625.1	1183431	6145985	6	2309869	53	234795
70171	GCF_900013495.1	1183436	5884522	5	2970892	49	188388
70172	GCF_900013505.1	1183426	5283961	3	2896418	46	236353
70173	GCF_900013515.1	1183427	5753955	4	2915102	50	218419
70174	GCF_900013525.1	1183433	5636537	4	2914578	17	623567
70175	GCF_900013535.1	1183432	5529311	4	3063625	73	180611
70253	GCF_900014385.1	1183429	5979065	6	2141680	27	447313
72070	GCF_900034305.1	1358019	4987994	6	4915146	98	118147
72240	GCF_900036155.1	1358025	5001025	4	4977450	94	173153
72530	GCF_900039255.1	1183421	5651171	3	2830685	20	432587
72539	GCF_900039345.1	1358020	4958083	3	4918492	113	115047
72540	GCF_900039355.1	1358024	4965880	2	4965164	125	109963
72978	GCF_900044145.1	1358022	5008837	2	5007531	74	183459
73076	GCF_900045375.1	1183423	5845831	4	2080173	43	274641
73411	GCF_900048895.1	1776382	3671597	14	853189	15	853189
73497	GCF_900049755.1	1737425	3084178	22	1419882	41	190862
75099	GCF_900065875.1	1776388	2922118	12	291208	13	291208
75628	GCF_900078205.2	1805473	5390133	7	3719575	8	3719575
75630	GCF_900078295.2	1805476	3592616	14	2409866	15	2240241
75631	GCF_900078305.2	1720192	2255644	18	1280966	21	466397
75641	GCF_900078665.2	146021	6451811	27	5525743	197	78863
75642	GCF_900078675.2	33895	5929237	30	4995064	221	57868
75643	GCF_900078685.2	1792835	4849907	42	3843338	79	225893
75677	GCF_900079775.1	1776379	3765112	27	582839	42	582839
76038	GCF_900083545.1	1816676	3805205	5	3788833	6	2964221
76341	GCF_900086595.1	1805470	3799489	4	3796548	19	581168
76344	GCF_900086655.1	1816681	5668632	4	5631190	24	447329
76347	GCF_900086705.1	1806837	4000953	7	3994660	12	773038
76349	GCF_900086725.1	1745713	4219447	11	1147464	20	449873
76467	GCF_900088825.1	364030	3841141	54	2021470	58	1102619
76483	GCF_900089075.1	1816680	2434476	9	1286831	10	908173
76488	GCF_900089125.1	114977	5286890	29	2759677	97	123729
76566	GCF_900091655.1	1841857	4410591	11	4124789	14	2499257
76568	GCF_900091675.1	1816677	4965295	10	1295486	12	1227698
76569	GCF_900091705.1	1805472	3083338	5	2631890	31	242664
76609	GCF_900092335.1	1686286	2793222	14	1895604	71	87351
76785	GCF_900095105.1	632	4427555	48	1905634	561	14188
76812	GCF_900095705.1	1852365	1809170	6	420811	7	420811
76822	GCF_900095825.1	1852375	2669996	4	2625322	8	499265
76823	GCF_900095835.1	1852368	2771606	6	2762878	16	676315
76827	GCF_900095875.1	1852378	2650542	2	2649084	3	1953381
77073	GCF_900098925.1	1816693	4145721	19	722914	28	514308
77080	GCF_900099475.1	1720297	2545543	8	805953	13	398871
77081	GCF_900099485.1	1720193	2452357	17	420533	22	300815
77557	GCF_900104565.1	1852383	2674277	7	1731122	8	1731122
77558	GCF_900104575.1	1816695	4863531	16	4368927	19	4019871
77561	GCF_900104605.1	1871003	2390301	8	2187560	9	2097882
77562	GCF_900104615.1	1841867	2580742	3	2575644	38	89112
77567	GCF_900104665.1	1903263	2606093	9	661371	14	424226
77568	GCF_900104675.1	1871018	4041781	6	2993682	9	990667
77749	GCF_900106785.1	1852370	3475353	17	765597	19	765597
77755	GCF_900106845.1	1776391	3112481	21	2358301	61	105346
78227	GCF_900111815.1	1805474	3340964	28	3045374	37	493966
78727	GCF_900117315.1	1805475	4216923	13	4164523	21	981080
78887	GCF_900119495.1	1871014	1684407	2	1679298	11	241148
78905	GCF_900119695.1	1689268	1946898	3	1652625	4	1394851
78924	GCF_900120005.1	1852366	3680275	17	566301	20	393150
78933	GCF_900120125.1	1909670	1804814	7	595003	8	595003
78936	GCF_900120155.1	1871020	2972275	3	2607599	5	1024912
78940	GCF_900120195.1	1917876	3308911	3	3302004	8	605906
78948	GCF_900120295.1	1907659	2944302	10	682305	11	682305
78955	GCF_900120385.1	1852385	2276769	37	2000060	112	51193
78956	GCF_900120395.1	1720317	2125418	4	1748717	6	1386532
78957	GCF_900120405.1	1723382	2087160	13	1195964	16	630470
79752	GCF_900128425.1	1745712	2190109	10	1988991	11	1988991
79753	GCF_900128435.1	437897	2467020	7	2339816	59	115045
79754	GCF_900128445.1	1852386	2633422	3	2629075	5	876932
79755	GCF_900128455.1	1841856	4075696	18	4034845	24	942276
79756	GCF_900128465.1	1852361	2300105	31	493375	114	61534
79757	GCF_900128475.1	1841865	3949838	25	709922	34	504436
79758	GCF_900128485.1	1852381	2353688	22	565842	37	254533
79759	GCF_900128495.1	1907658	3974623	14	3810995	18	742154
79760	GCF_900128505.1	1871013	6483439	8	4509727	13	1474939
79901	GCF_900130135.1	1917883	3977103	23	3900443	30	766733
81728	GCF_900155355.1	290109	4507778	69	4316456	246	49717
81729	GCF_900155365.1	1907654	1876212	15	487726	24	208338
81731	GCF_900155385.1	1816686	3435644	23	2081025	28	638041
81732	GCF_900155395.1	1871030	2468696	23	199974	24	199974
81735	GCF_900155425.1	1750560	5015786	23	1660048	27	762401
81736	GCF_900155435.1	1720198	3348996	23	3298283	100	87569
81738	GCF_900155525.1	1903261	3465670	28	979934	32	267679
81739	GCF_900155535.1	1852380	2263348	13	561882	29	124680
81740	GCF_900155545.1	1805471	5247868	9	4178102	89	171213
81743	GCF_900155575.1	1870995	2295680	19	2263001	48	125223
81744	GCF_900155585.1	1871017	1822826	4	563367	5	563367
81746	GCF_900155605.1	1852376	2007569	2	2003922	18	340087
81748	GCF_900155625.1	1917889	4753046	6	2860113	8	2860113
81749	GCF_900155635.1	1871033	1748607	5	1740490	11	577403
81751	GCF_900155655.1	1917878	3323400	19	3149725	47	207761
81752	GCF_900155685.1	1870990	5824920	8	4816051	33	423722
81756	GCF_900155735.1	1871029	2841380	35	226826	109	81434
81769	GCF_900155865.1	1841855	5308568	20	5263911	27	1226094
81862	GCF_900156865.1	1926280	4556449	3	4551291	26	515206
81863	GCF_900156875.1	1926278	5481671	11	3636411	62	221270
81866	GCF_900156915.1	1926277	4347501	6	4249507	28	487243
81905	GCF_900157375.1	1841860	6015470	1	6015470	6	1873536
81906	GCF_900157385.1	1841859	6029582	12	1348111	17	828602
82226	GCF_900161855.1	339268	5853750	14	3802279	123	105962
82242	GCF_900162095.1	1473	4904278	19	2923454	25	1051328
82295	GCF_900162625.1	182710	3904525	11	1245496	14	1245496
82299	GCF_900162665.1	582851	4799817	19	1178197	33	395045
82300	GCF_900162675.1	86177	3525189	13	2675716	20	386632
82301	GCF_900162685.1	361279	3456498	14	2555189	26	289271
82304	GCF_900162725.1	1917887	4761292	5	4757230	51	190714
82602	GCF_900166595.1	302167	4608953	16	4199370	17	3766887
82605	GCF_900166625.1	1926286	4312404	2	4297267	25	385034
82606	GCF_900166635.1	1926285	4485339	3	4430231	7	2541854
82607	GCF_900166645.1	119858	4546088	13	2407835	14	2407835
82609	GCF_900166665.1	859144	4778566	5	4712889	39	301281
82744	GCF_900169075.1	1816690	4864679	4	3356215	5	3356215
82765	GCF_900169505.1	1870985	3377915	1	3377915	2	2387222
82766	GCF_900169515.1	1964383	2736213	5	1612051	7	469400
82767	GCF_900169525.1	1816684	3030206	13	1475107	16	807354
82768	GCF_900169535.1	1816691	6327271	19	3191908	25	732461
82779	GCF_900169665.1	1944639	3545090	5	3534573	85	125353
82783	GCF_900169715.1	1926282	2428374	4	1484501	5	700715
82800	GCF_900169975.1	1871015	3118585	20	414825	21	313456
82804	GCF_900170035.1	1246637	6677998	108	274785	346	52376
83305	GCF_900176625.1	1852391	1873678	15	398876	16	213750
83308	GCF_900176655.1	1870987	2161687	23	523754	63	90582
83316	GCF_900176865.1	1852390	2384437	24	2292807	76	88910
83318	GCF_900176885.1	1936063	4300368	4	4275839	41	229238
83386	GCF_900177895.1	1522312	2187398	12	705557	50	143732
83792	GCF_900184255.1	1658110	4215834	25	2361907	28	2361907
83798	GCF_900184735.1	351095	3924109	23	299843	33	281857
83815	GCF_900184995.1	2002841	4260837	8	3038134	10	925803
83857	GCF_900186465.1	1944634	2403152	17	625545	19	625545
83861	GCF_900186505.1	1871019	2377193	11	696848	13	696848
83872	GCF_900186615.1	1936995	3732097	2	3728990	21	351013
84025	GCF_900188535.1	1476855	4632026	1	4632026	15	511195
84026	GCF_900188545.1	1230341	2585311	6	2575901	14	521250
84027	GCF_900188555.1	51367	3321150	23	382002	24	382002
84929	GCF_900199405.1	1852363	4182568	3	3971881	6	1395403
84932	GCF_900199495.1	1776383	3691230	9	673321	12	544394
84934	GCF_900199515.1	2015901	2507078	4	2090366	6	1418071
84937	GCF_900199545.1	1852371	3656448	9	2663586	35	240413
84946	GCF_900199635.1	1673720	3145951	7	3029664	8	1984529
84950	GCF_900199705.1	1937461	1737929	4	1731011	11	418763
84951	GCF_900199725.1	1871011	5231817	9	2981597	69	187437
85564	GCF_900215725.1	1464038	1673080	5	1001871	7	391666
85627	GCF_900232875.1	1944636	3822891	27	1047581	28	1047581
85639	GCF_900234415.1	366649	4948046	95	117082	106	89106
85640	GCF_900234425.1	317013	5090663	17	5008333	160	92145
85641	GCF_900234435.1	317013	5019351	10	4977783	148	85907
85642	GCF_900234445.1	317013	5068978	18	5021074	159	94219
85643	GCF_900234455.1	366649	4978387	93	102565	112	81069
85644	GCF_900234465.1	366649	5097188	103	101378	120	81069
85645	GCF_900234475.1	366649	5175291	107	100182	127	79558
85646	GCF_900234485.1	366649	5121453	33	373703	50	199405
85647	GCF_900234495.1	366649	5510999	8	5468921	78	155216
85648	GCF_900234505.1	366649	4997456	93	110959	106	99739
85649	GCF_900234515.1	366649	4982831	94	110819	108	93163
85711	GCF_900236745.1	431269	6276774	19	2545476	63	249558
85744	GCF_900240215.1	1907662	3936881	21	2852076	84	90996
85748	GCF_900240255.1	2045010	4761755	6	4677748	8	2739357
85749	GCF_900240265.1	2041840	2860181	22	2197801	25	1670286
85750	GCF_900240275.1	1970790	1678325	16	1623765	17	1328075
85753	GCF_900240305.1	2045302	2830551	19	2795242	27	463872
85756	GCF_900240335.1	1973217	3073441	22	2990759	24	1141044
85774	GCF_900240975.1	2057185	5614136	8	3755215	12	1718982
85775	GCF_900240995.1	1936234	5374955	11	1232274	12	1232274
85777	GCF_900241015.1	1870999	185014	16	93329	23	21675
85925	GCF_900243045.1	1720294	7114556	17	3305415	19	1700356
85926	GCF_900243065.1	1436798	1447740	5	959805	6	959805
85970	GCF_900249785.1	164546	6749459	95	183931	100	183931
85989	GCF_900249975.1	164546	7026539	70	2672317	138	192653
85993	GCF_900250015.1	164546	6760360	67	530537	69	530537
86217	GCF_900258475.1	2057799	2246296	8	1571213	9	1421212
86219	GCF_900258505.1	2050896	3092588	4	3085439	9	1711733
86220	GCF_900258515.1	2040293	3926733	3	3924819	5	3408487
86222	GCF_900258545.1	2042309	4940074	5	4929720	6	2696745
86223	GCF_900269665.1	2077092	9465194	25	9122433	43	733459
86228	GCF_900289115.1	2058291	2452619	14	2421633	25	390483
86233	GCF_900289175.1	2079532	4835346	3	4832853	14	679495
86241	GCF_900290115.1	2048242	2666117	6	783366	10	746971
86256	GCF_900290275.1	2079531	3912650	27	1352076	28	1091058
86257	GCF_900290285.1	2058293	2587005	13	536522	15	432507
86270	GCF_900291465.1	2086579	3708165	3	3706277	10	947527
86683	GCF_900411315.1	2080750	2311850	5	2264124	14	365857
86684	GCF_900411325.1	2058290	2727147	3	1885293	4	836696
86686	GCF_900411375.1	1987503	3070030	29	195666	35	163923
90573	GCF_900499005.1	1926276	2562402	19	1603907	29	472552
