	refseq	taxid	total_length	scaffold_count	scaffold_N50	contig_count	contig_N50
220	GCF_000507465.1	1296122	22654511	62	1048156	105	521798
222	GCF_000512565.1	1296121	23862392	13	2116304	69	591206
223	GCF_000512585.1	1296100	24360772	12	3422270	42	987134
224	GCF_000512605.1	1296096	20828584	18	1626097	42	1043326
1009	GCF_001500285.1	149040	48876257	71	1331786	345	372842
5419	GCF_001619985.1	1328760	24337763	27	1905886	125	360689
5999	GCF_001638985.1	763407	53939167	80	1515579	350	370394
6097	GCF_001641265.1	655981	35818201	83	1168637	86	1168637
6124	GCF_001642045.1	1460663	38464024	61	3130344	445	447950
6125	GCF_001642055.1	5599	32990834	79	1097884	91	1097884
6912	GCF_001661235.1	763406	11582150	10	1676949	144	472039
6913	GCF_001661255.1	683960	14145566	46	2188197	222	185283
6914	GCF_001661265.1	698492	14136186	35	436079	97	289829
6915	GCF_001661335.1	984486	15221050	49	933105	211	198400
6916	GCF_001661345.1	1344418	17503998	63	1035938	326	171347
6917	GCF_001661395.1	984485	12403110	27	1853527	243	114103
6918	GCF_001661405.1	983966	13018415	76	700888	392	111555
6919	GCF_001661415.1	984487	13136204	16	1512535	249	183924
6958	GCF_001662655.1	342668	30174856	151	446342	313	255240
13986	GCF_001890105.1	1073090	26088231	246	1215459	428	188319
14013	GCF_001890805.1	1160497	27993362	82	1040687	433	150165
14018	GCF_001890905.1	690307	35424414	660	1634707	852	256127
23391	GCF_002117355.1	670580	42452888	549	2104516	1614	142602
36486	GCF_002708625.1	1340429	25972395	131	1118338	823	69381
39192	GCF_002847045.1	41067	27317772	268	391998	316	285163
45759	GCF_003019875.1	857342	28632918	32	1980626	309	216801
45852	GCF_003025095.1	983964	40980648	532	2414909	841	360628
45853	GCF_003025105.1	1042311	37464610	419	2128412	802	163984
45854	GCF_003025115.1	58853	33215161	533	1846965	754	240081
48985	GCF_003144115.1	58919	18761941	38	728438	263	209942
48986	GCF_003144135.1	1684307	17184282	30	970444	87	393114
48988	GCF_003144195.1	1522189	24148100	251	295512	356	211048
48989	GCF_003144205.1	1280837	17383515	32	4542697	136	624146
48990	GCF_003144245.1	1569628	16615586	21	754703	43	655997
48991	GCF_003144295.1	215250	19330111	28	3164722	69	1252185
49498	GCF_003184585.1	1450539	31096189	120	591538	229	268948
49499	GCF_003184595.1	1450533	35853610	107	878705	197	411928
49500	GCF_003184625.1	1448310	35416444	169	707186	243	343923
49501	GCF_003184695.1	1450534	37477200	153	411666	259	253676
49502	GCF_003184745.1	1448315	35850703	172	396097	252	276704
49503	GCF_003184755.1	1448313	35280331	47	1121342	122	469711
49504	GCF_003184765.1	1448322	36471649	121	493913	325	200731
49505	GCF_003184785.1	1448312	36099954	163	412690	319	226011
49506	GCF_003184835.1	1448317	36947918	86	817474	174	426603
49507	GCF_003184845.1	1448316	33437983	116	622403	201	283478
49508	GCF_003184865.1	1450537	34054866	152	535630	247	295779
49510	GCF_003184925.1	1448311	35663374	60	1025125	107	673643
53847	GCF_003344945.1	1341132	37511876	396	757052	514	365683
